"","HB_HOUSTON.Variable","HB_HOUSTON.Date","HB_HOUSTON.0","HB_HOUSTON.1","HB_HOUSTON.2","HB_HOUSTON.3","HB_HOUSTON.4","HB_HOUSTON.5","HB_HOUSTON.6","HB_HOUSTON.7","HB_HOUSTON.8","HB_HOUSTON.9","HB_HOUSTON.10","HB_HOUSTON.11","HB_HOUSTON.12","HB_HOUSTON.13","HB_HOUSTON.14","HB_HOUSTON.15","HB_HOUSTON.16","HB_HOUSTON.17","HB_HOUSTON.18","HB_HOUSTON.19","HB_HOUSTON.20","HB_HOUSTON.21","HB_HOUSTON.22","HB_HOUSTON.23"
"1","HB_HOUSTON",2016-01-01,18.42,16.15,15.61,15.62,15.94,16.69,18.96,19.18,19.08,19.66,20.6,20.61,20.3,20.07,19.09,19.34,20.07,24.94,26.25,23.24,22.79,21.36,20.32,19.66
"2","HB_HOUSTON",2016-01-02,18.99,17.94,17.16,17,17.9,17.65,20.12,21.34,23.42,24.87,23.4,21.84,20.78,19.68,18.29,17.94,19.34,23.48,23.47,21.73,20.73,19.98,19.87,18.43
"3","HB_HOUSTON",2016-01-03,17.44,16.45,16.18,16.35,17.01,17.69,19.28,20.04,20.17,20.22,19.85,18.66,17.14,16.33,16.04,15.97,16.98,21.27,21.87,20.89,20.25,19.69,18.78,18.14
"4","HB_HOUSTON",2016-01-04,17.01,17.07,17.47,18,19.34,21.8,53.66,35.81,24.38,23.71,21.81,20.25,19.02,17.49,16.43,16.52,17.43,22.99,27.35,22.93,22.67,21.49,20.38,18.73
"5","HB_HOUSTON",2016-01-05,15.89,15.88,15.99,16.5,18,21.19,48.74,29.79,22.94,22.61,21.49,20.62,19.75,19.08,18.02,17.63,18.48,22.67,22.73,21.92,21.01,19.65,18.61,17.12
"6","HB_HOUSTON",2016-01-06,12.61,10.69,10.28,11.68,13.69,17.36,23.45,21.79,20.53,20.47,20.85,19.73,18.68,18.87,18.49,17.68,18.44,24.98,24.25,21.41,20,18.65,16.83,15.65
"7","HB_HOUSTON",2016-01-07,14.44,11.11,10.67,11,12.74,14.97,21.43,21.53,19.97,19.68,19.86,16.8,16.57,16.32,15.66,15.67,16.2,23.13,22.21,20.8,19.84,18,15.9,14.87
"8","HB_HOUSTON",2016-01-08,15.44,14.03,14.02,14.03,15.09,17.54,22.82,22.4,21.43,21.33,20.64,18.7,17.39,17.25,16.57,16.54,17.61,23.55,22.01,20.27,19.67,17.96,17.5,16.51
"9","HB_HOUSTON",2016-01-09,16.12,14.52,14.13,14,14.16,13.46,17.05,19.77,20.3,21.61,22.16,20.51,18.18,17.92,17.4,17.55,18.92,23.94,23.7,23.5,22.18,21.58,20.9,19.24
"10","HB_HOUSTON",2016-01-10,18.23,17.18,17.62,17.88,19.49,20.91,23.42,23.69,27.47,26.4,23.52,21.06,20.41,19.57,18.05,18.04,18.59,23.52,22.99,22.81,22.48,21.2,19.74,18.06
"11","HB_HOUSTON",2016-01-11,16.71,16.71,16.71,17.56,19.51,21.84,54.55,41.04,24.82,24.63,22.69,21.5,20.48,19.89,19.08,18.92,19,26.25,28.92,26.44,24.32,22.47,20.78,18.77
"12","HB_HOUSTON",2016-01-12,16.48,16,15.66,16.13,17.09,21.49,38.78,26.92,22.6,22.55,22.22,20.07,19.01,18.04,17.41,17.08,16.86,23.41,23.1,22.24,21.43,20.1,18.9,17.46
"13","HB_HOUSTON",2016-01-13,16.78,15.65,15.29,15.41,17.15,22.39,34.98,27.89,22.83,22.16,21.81,20.32,18.99,18.78,17.86,16.91,16.91,21.44,22.18,20.8,19.41,18.26,17.43,16.32
"14","HB_HOUSTON",2016-01-14,13.4,11.28,11.31,12.63,14.09,19.07,25.98,24.95,22.53,21.78,22.18,20.46,19.51,18.92,18.36,17.32,17.28,24.14,21.95,20.79,18.84,17.48,17.2,15.69
"15","HB_HOUSTON",2016-01-15,12.62,11.02,11.94,12.53,14.5,17.28,26.39,21.63,20.55,21.13,22.48,19.95,19.4,19.18,18.92,18.2,17.76,23.54,24.92,20.66,19.31,18.63,17.5,17.12
"16","HB_HOUSTON",2016-01-16,14.8,13.88,13.25,13.67,14.28,16.8,17.32,18.01,18.39,18.91,17.83,16.23,15.25,14.79,14.72,15.51,17.89,25.35,27.99,23.96,21.7,21.1,20.24,19.31
"17","HB_HOUSTON",2016-01-17,19.45,18.08,18.99,18.99,19.99,21.77,24.7,25,26.02,27.7,22.12,19.94,18.29,17.25,16.26,15.98,16.71,20.65,24.01,21.16,19.18,19.13,18.03,17.43
"18","HB_HOUSTON",2016-01-18,18.98,19.21,19.07,19.21,19.96,23.56,41.6,39.64,28.35,25.47,24.53,22.28,20.48,19.86,18.8,18.11,18.26,25.15,27.57,22.34,19.34,18.63,17.32,16.45
"19","HB_HOUSTON",2016-01-19,12.68,10.51,11.33,12.24,14.38,18.94,27.5,24.48,20.86,20.49,19.97,18.23,17.45,17.43,16.84,16.72,17.19,22.75,22.58,21.52,20.36,18.14,16.82,17.15
"20","HB_HOUSTON",2016-01-20,15.5,15.14,15.27,16.2,18.04,21.27,34.44,27.62,22.54,21.49,20.77,19.78,19.24,19.22,18.24,17.63,17.53,20.51,20.37,18.67,17.09,16.75,15.68,14.66
"21","HB_HOUSTON",2016-01-21,13.35,11.4,11,12.6,13.57,16.22,30.51,21.31,19.74,17.81,17.7,17.33,16.79,16.5,16.3,15.92,16.44,26.62,26.05,24.26,22.51,20.01,18.73,18.77
"22","HB_HOUSTON",2016-01-22,16.51,14.77,15,15.79,19.32,21.83,43.77,34.83,26.4,26.18,21.79,21.1,20.02,18.34,17.51,17,18.27,32.05,36.37,28.74,25.88,23.83,19.4,18.35
"23","HB_HOUSTON",2016-01-23,18.98,17.61,16.96,16.99,18.67,20.77,28.78,30.43,32.99,25.45,22.35,20.8,20.13,18.37,17.06,16.45,16.75,20.9,24.55,21.95,20.71,19.13,17.36,17.63
"24","HB_HOUSTON",2016-01-24,15.84,15.14,14.86,14.85,15.34,17.07,23.55,22.73,25.52,22.51,17.85,17.25,15.37,15.39,14.25,14.17,15.47,19.7,24.53,19.71,18.4,18.3,15.2,13.61
"25","HB_HOUSTON",2016-01-25,7.89,7.63,9.76,11.48,12.52,16.32,24.91,21.89,20.48,21.9,20.63,16.99,16.66,16.41,16.44,15.81,16.31,30.49,31.06,23.49,20.67,18.68,17.35,16.09
"26","HB_HOUSTON",2016-01-26,12.79,12.64,12.28,13.14,15.04,18.7,30.28,25.72,21.45,21.79,19.8,19.15,18.4,17.91,17.18,16.92,17.25,34.03,34.55,31.67,24.52,21.96,19.54,18.15
"27","HB_HOUSTON",2016-01-27,15.45,15.07,15.19,15.6,17.6,24.37,53.7,35.86,27.94,23.68,21.22,19.81,18.57,17.99,16.95,16.48,16.65,26.01,26.88,24.37,20.56,19.76,17.84,16.85
"28","HB_HOUSTON",2016-01-28,14.11,14.32,14.45,14.77,16.67,26.25,53,35.59,24.09,21.52,20.65,19.79,18.06,17.28,16.46,16.2,16.2,23.96,26.79,20.8,19.26,17.95,17.27,15.47
"29","HB_HOUSTON",2016-01-29,13.69,12.81,12.51,13.49,14.91,24.76,50,30.73,23.32,23.07,18.38,17.87,16.2,15.77,15.23,14.93,15.09,21.89,20.61,16.45,15.61,14.93,14.58,11.5
"30","HB_HOUSTON",2016-01-30,14.03,13.14,12.71,13.2,14.25,15.07,15.93,18.54,20.97,21.55,22.3,17.81,16.08,15.37,14.82,14.62,14.32,17.72,19.32,16.21,15.87,15.65,12.04,9.41
"31","HB_HOUSTON",2016-01-31,6.25,5.67,5.63,5.32,5.21,5.19,9.49,11.3,13.86,15.41,15.66,15.89,18.71,19.78,19.38,21.23,23.49,30.05,38,24.99,21.56,17.53,15.92,14.06
"32","HB_HOUSTON",2016-02-01,9.72,6.3,5.55,8.89,9.24,17.33,25.52,20.58,18.32,18.25,17.45,15.39,15.03,14.9,14.51,15.14,15.35,23.31,26.7,18.79,16.75,15.51,12.5,9.94
"33","HB_HOUSTON",2016-02-02,5.46,5.02,5.02,5.04,8.68,11.95,16.91,16.63,16.26,16.31,16.67,15.01,14.99,15.49,15.51,15.66,15.82,22.68,33.7,21.21,17.93,17.23,16.04,14.99
"34","HB_HOUSTON",2016-02-03,11.2,11.52,12.09,13.16,14.22,19.75,34.42,23.2,19.65,17.95,15.74,15.66,14.92,14.78,14.5,14.23,14.69,20.79,35.07,22.8,20.06,18.05,16.58,15.91
"35","HB_HOUSTON",2016-02-04,13.24,13.62,13.83,14.85,16.73,20.38,50.75,34.67,21.9,18.62,17.62,16,15.3,14.9,14.15,14.17,14.65,18.49,25.59,19.28,17.96,16.63,14.76,13.22
"36","HB_HOUSTON",2016-02-05,10.53,7.8,8.79,9.46,12.35,16.85,33.63,22.28,17.01,15.47,14,14.54,14.12,14.29,13.97,13.81,14.73,17.68,24.03,17.69,16.66,15.66,15.88,15.21
"37","HB_HOUSTON",2016-02-06,12.17,11.63,11.73,12.26,13.07,15.6,17.34,21.2,23.6,23.54,19.24,16.99,14.73,14.18,13.48,13.11,13.99,18.65,27.98,18.03,15.96,15.16,14.98,13.63
"38","HB_HOUSTON",2016-02-07,12.07,10.5,9.66,10.66,12.24,14.7,16.44,19.82,23.3,22.01,17.64,16.19,15.59,14.66,13.36,12.98,13.04,15.79,19.59,18.07,17.52,16.11,14.06,13.02
"39","HB_HOUSTON",2016-02-08,9.82,10.17,10.73,11.9,13.66,17.39,31.05,26.69,20,17.9,15.69,14.42,13.78,13.24,13.16,13.2,13.54,16.21,24.58,22.16,18.66,17.65,16.3,14.74
"40","HB_HOUSTON",2016-02-09,15.49,15.5,16,16.5,17.01,22.62,45.32,30.94,21.54,18.08,17.22,16.83,15.51,15.04,14.57,14.55,14.78,17.26,22.69,19.47,18.64,17.03,16.55,15.03
"41","HB_HOUSTON",2016-02-10,12.8,12.64,12.52,12.9,14,18.05,34.74,24.54,19.39,16.7,15.62,15.59,16.2,15.73,15.11,14.68,14.38,16.67,20.31,16.15,15.81,14.1,7.83,5.88
"42","HB_HOUSTON",2016-02-11,4.16,3.54,3.62,4.78,9.01,15.88,23.48,20.78,18.24,18.1,16.94,17,17.1,17.83,17.73,17.51,16.84,18.54,24.94,19.86,18.47,17.23,16.37,14.17
"43","HB_HOUSTON",2016-02-12,13.85,12.5,12.57,13.22,14.33,17.22,28.97,22.71,19.27,18.48,18,17.5,17.36,17.86,18.07,17.43,16.63,17.64,20,17.56,16.13,15,13.9,12.05
"44","HB_HOUSTON",2016-02-13,10,10.04,10.96,11.06,11.83,13.99,15.99,17.66,21.06,22.39,20.76,17.45,15.65,15.06,14.77,13.99,13.63,15.43,15.92,14.16,10.81,5.76,5.39,4.92
"45","HB_HOUSTON",2016-02-14,3.06,2.49,2.32,3.45,4.55,5.15,8.72,12.99,15.06,17.29,16.67,16.42,17.32,17.03,16.91,16.41,16.27,19.79,28.1,21.01,18.2,17.39,16.42,13.62
"46","HB_HOUSTON",2016-02-15,12.08,10.64,10.35,10.98,12.29,14.25,15.99,16.2,15.03,15.75,16.54,17.33,17.44,16.99,16.98,17.07,16.31,19.31,24.79,21.99,17.39,15.95,14.56,11.09
"47","HB_HOUSTON",2016-02-16,4.97,4.54,4.21,5.1,8.02,13.25,16.5,17.65,15.96,17.08,15.89,16.41,16.66,17.48,17.68,17.78,17.08,17.93,23.91,18.99,16.34,15.42,14.36,13.02
"48","HB_HOUSTON",2016-02-17,11.1,9.66,7.43,7.26,9.66,13.68,16.5,16.7,14.93,14.98,15.17,15.67,15.7,15.74,15.63,15.5,14.86,14.35,15.38,14.66,13.92,12.56,6.68,4.51
"49","HB_HOUSTON",2016-02-18,2.34,2.66,2.63,2.9,3.85,8.52,15.53,16.13,14.84,14.7,15.54,14.18,14.74,15.18,14.66,15.16,15.38,18.16,22.22,16.57,15.73,14.49,9.36,3.75
"50","HB_HOUSTON",2016-02-19,2.18,2.12,2.1,3.16,5.11,10.12,14.66,14.74,14.68,16,18.11,20.05,19.97,20.89,20.82,22.35,18.58,18.18,19.64,15.85,14.41,14.03,10.07,5.24
"51","HB_HOUSTON",2016-02-20,8.94,6.59,6.37,6.29,9.01,10.44,10.03,12.17,13.54,15.83,17.2,17.53,18.06,19.99,20.42,22.8,22.41,24.41,25.03,19.02,15.02,13.11,14.77,12.39
"52","HB_HOUSTON",2016-02-21,12.38,11.34,11.25,11.21,11.24,11.53,10.05,10.3,13.5,15,15.41,15.02,15.37,17.02,18.02,19.29,19.07,27.93,32.04,20.56,17.98,15,15,13.67
"53","HB_HOUSTON",2016-02-22,11.81,10.3,10.01,10,11.5,15,17,16.58,18.55,20.56,18.59,19.94,20.61,22.55,20.73,22.29,21.36,22.16,30.81,22.15,19.97,17.8,15.11,13.63
"54","HB_HOUSTON",2016-02-23,9.32,7.86,6.33,6.08,6.4,11.18,17.51,17,16.55,17.71,17.12,17.57,16.75,17.37,17,17.68,16.97,20.56,25.86,21.72,18.18,13.78,12.14,9.28
"55","HB_HOUSTON",2016-02-24,6,4.82,4.97,6.09,10.09,14.48,25.06,21.15,19.59,18.63,17.24,17.29,15.43,15.29,14.37,14.52,14.46,16.19,27.35,23.66,21.21,18.71,16,13.99
"56","HB_HOUSTON",2016-02-25,12.66,12.31,12.08,14.22,15.48,19.48,43.94,27.58,19.76,17.34,15.47,15.31,15.24,15.49,14.96,14.92,14.2,16.2,28.72,23.08,19.6,17.94,16.33,14.84
"57","HB_HOUSTON",2016-02-26,12.73,12.25,12.14,12.98,14.33,16.46,41.53,25.59,19.98,17.37,15.23,14.96,14.28,13.67,13.46,13.25,13.07,14.68,21.93,17.55,15.15,13.79,13.31,11.55
"58","HB_HOUSTON",2016-02-27,11.9,11.19,11,11.12,12.82,13.99,16.38,19.24,20.5,20.79,16.68,13.78,13.01,13.44,11.99,11.98,11.94,11.91,14.11,11.44,9.91,4.85,5.34,4.62
"59","HB_HOUSTON",2016-02-28,3.63,2.36,2.3,2.54,4.12,4.74,6.56,9.31,12.37,13.46,13.4,13.91,13.93,15.66,14.75,14.22,15.18,17.84,30.03,23.13,16.57,13.92,15.86,14.32
"60","HB_HOUSTON",2016-02-29,8.77,8.19,7.41,7.59,9.77,12.18,17.98,17.87,16.66,18.49,17.26,17.73,19.23,21.02,18.03,21.08,16.87,18.39,29.26,17.09,14.23,12.67,8.74,8.29
"61","HB_HOUSTON",2016-03-01,7.84,6.19,6.02,7,9.77,11.95,21.93,15.52,14.76,16.09,17.46,17.68,19.85,20.95,20.43,22.1,20.26,22.04,44.49,27.93,20.48,18.25,16.97,14.27
"62","HB_HOUSTON",2016-03-02,7.68,5.64,4.24,4.28,5.23,9.81,15.72,15.1,14.08,13.51,13.47,12.49,13.29,12.87,12.76,13.87,14.88,17.96,27.21,16.34,13.13,11.26,10.89,8.1
"63","HB_HOUSTON",2016-03-03,6.1,5.11,5.41,7.83,9.95,11.72,14.72,13.57,12.47,13.82,14.53,14.57,16.21,19.7,22.65,22.71,24.11,27.16,46.61,24.21,17.25,14.15,15.26,13.36
"64","HB_HOUSTON",2016-03-04,11.98,9.98,8.65,8.62,9.52,13,20.07,13.6,12.73,12.95,13.7,13.71,12.69,13.43,14.28,14.66,14.71,15.33,18.83,13.66,12.11,11.56,12.59,9.71
"65","HB_HOUSTON",2016-03-05,9.65,9.68,9.19,9.65,10.87,12.65,12.16,12.61,13.66,18.54,19.04,19.13,18.19,16.15,15,15.1,15.41,15.87,20.28,14.94,12.56,10.26,11.96,8.83
"66","HB_HOUSTON",2016-03-06,6,4.8,4.22,4.36,4.95,4.96,8.99,9.02,10.29,12.08,12.01,12,12.39,11.97,12.19,14.01,13.7,15,24.91,16.1,12.4,11.32,10.27,5.92
"67","HB_HOUSTON",2016-03-07,3.43,1.46,1.36,2.82,4.32,7.38,11.94,12.29,12,13.72,16.21,18.4,16.02,16.9,18.23,18.6,18.59,19.67,28.82,22.42,16.81,15.83,15.15,14.08
"68","HB_HOUSTON",2016-03-08,7.75,4.93,4.3,4.93,7.27,10.62,14.11,13.43,13.4,15.07,16.02,16.4,16.27,18.96,18.83,20.26,20.39,22.81,35.2,26.65,20.95,19.94,17.83,16.02
"69","HB_HOUSTON",2016-03-09,14.98,12.97,11.87,12.14,12.21,13.5,19.49,16.62,15.84,16.79,18.96,19.82,18.55,20.32,22,20.36,18.95,19.16,33.22,19.94,17.59,15.57,18.01,14.8
"70","HB_HOUSTON",2016-03-10,14.22,10.52,8.7,7.7,8.57,12.01,16.02,14.98,13.9,14.51,16.84,16.12,18.57,20.04,19.82,18.59,19.29,19.59,30.2,19.22,17.08,14.04,14.49,11.45
"71","HB_HOUSTON",2016-03-11,16.4,11.25,10.97,10.93,11.56,13.72,16.46,15.58,16.45,17.87,19.5,19.38,19.09,19.21,19.08,21.63,21.91,24.63,45.13,31.33,25.09,24.32,21.86,19.66
"72","HB_HOUSTON",2016-03-12,24.65,20.03,17.24,16.75,16.75,18.58,18.04,19.48,24.7,28.21,29.52,32.25,24.84,21.56,22.5,20.74,18.22,18.07,23.73,19.61,15.73,14.47,13.21,12.99
"73","HB_HOUSTON",2016-03-13,11.68,7.98,NA,6.03,5.73,5.1,8.04,10,12.57,14.01,14.71,15.78,17,18.27,20.07,23.81,24.97,27.69,34.99,42.88,30.51,23.49,18.02,16.25
"74","HB_HOUSTON",2016-03-14,11.42,9.48,5.48,4.96,5.69,11,14.51,15.5,14.89,16.04,19.03,20.65,21.99,26.58,28.57,33.64,47,45.47,30.38,27.91,22.85,19.68,16.22,14.39
"75","HB_HOUSTON",2016-03-15,10.82,8,4.83,4.83,5.7,9.7,14.08,15.29,14.48,16.04,18.06,20.71,27.47,36.46,44.17,56.05,72.32,56.43,37.16,31.95,28.12,21.09,20.03,16.47
"76","HB_HOUSTON",2016-03-16,19.16,13.31,12.15,11.4,11.95,14.72,19.78,16.25,16.48,20.13,19.66,19.27,20.13,21.08,24,27.39,38.37,32.51,28.6,31.75,27.56,20,19.59,17.09
"77","HB_HOUSTON",2016-03-17,18.94,14.54,14.35,13.83,14.28,16.12,22.18,19.66,20.03,21.9,23.74,23,23.69,24.87,25.37,25.88,25.92,24.87,21.76,30.22,23.24,19.16,20.83,18.37
"78","HB_HOUSTON",2016-03-18,15.79,13.5,13.08,13.18,13.15,15,18.04,17.66,18.77,18.85,21.25,22.47,24.25,23.62,27.29,33.1,31.03,26.37,20.83,20.19,18.07,16.95,15.61,14.47
"79","HB_HOUSTON",2016-03-19,13.91,11.88,10.78,11.79,11.96,13.16,12.73,13.95,15.57,16.32,17.73,19.97,20.55,19.58,16.74,17.07,17.77,20.5,22.87,38.73,33.76,23.25,21.95,20.64
"80","HB_HOUSTON",2016-03-20,25.38,21.44,18.55,19.4,19.94,22.46,22.29,23.37,27.58,34.4,33.35,20.93,17.65,16.44,16.38,15.66,16.49,18.17,23.74,48.15,26.68,22.87,20.94,18.43
"81","HB_HOUSTON",2016-03-21,14.42,12.12,11.37,11.31,13.33,19.79,39.01,27.93,21.1,18.12,17.8,15.27,14.22,14.16,13.82,13.77,14.32,14.68,19.03,22.38,16.54,14.83,13.96,10.28
"82","HB_HOUSTON",2016-03-22,9.03,6.65,5.22,6.93,7.97,11.83,19.88,19.19,15.05,14.88,15.82,15.53,14.84,15.09,15.2,14.47,15.12,15.51,16.17,20.21,16.76,14.12,13.17,10.24
"83","HB_HOUSTON",2016-03-23,7.83,5.22,4.93,4.86,5.13,11.12,13.58,13.57,14.08,13.69,15.09,15.72,16.08,18.43,20.76,24.1,29.07,26.77,27.27,25.79,22.51,16.09,14.82,14.13
"84","HB_HOUSTON",2016-03-24,12.11,10.13,8.7,9.67,11.57,12.96,20.44,17.1,17.11,17.42,18.99,20.87,18.88,19.54,20.5,19.91,20.3,20.49,21.51,42.48,32.72,20.09,18.54,15.46
"85","HB_HOUSTON",2016-03-25,16.91,11.38,10.66,10,10.56,13.2,21.49,20.29,16.63,15.91,15.19,13.96,14.97,14.96,15.04,15.29,15.43,14.84,15.85,16.92,14.91,13.76,13.45,11.61
"86","HB_HOUSTON",2016-03-26,8.59,5.82,4.92,6.72,10.33,11,11.91,13.48,16.5,16.87,17.05,18.76,20.09,22.18,19.95,23,24.78,23.17,18.61,17.49,18.99,16.24,15.47,15.21
"87","HB_HOUSTON",2016-03-27,10.66,10.37,7.15,5.97,5.64,5.12,8.81,9.97,12.6,13.81,14.95,16.65,16.96,17.35,16.41,17.97,19.73,21.46,25.97,32.65,30.76,20.98,14.99,15.28
"88","HB_HOUSTON",2016-03-28,16.25,10.83,10,9.89,10.36,15.87,27.52,23.26,19.53,18.34,18.08,18.22,17.15,17.37,15.89,16.31,15.91,15.66,14.99,15.8,15.91,13.31,12.31,11.86
"89","HB_HOUSTON",2016-03-29,9.43,4.93,4.38,4.95,9.48,13.57,15.52,15.8,15.01,15.62,15.71,16.14,15.43,16.49,15.3,15.54,15.69,15.76,18.41,18.21,17.59,14.95,12.82,12.06
"90","HB_HOUSTON",2016-03-30,7.25,4.88,4.16,4.41,7.92,12.13,15.59,16.9,17.02,16.41,17.39,18.07,19,22.54,19.23,19.37,22.56,26.65,27.39,27.67,20.85,19.48,16.95,14.96
"91","HB_HOUSTON",2016-03-31,14.03,12.09,11.83,11.85,12.36,14.29,16.25,17.49,18.02,18.04,20.08,21.54,25.77,27.72,26.9,33.81,40.64,36.96,28.41,28.42,26.98,20.08,17.51,14.51
"92","HB_HOUSTON",2016-04-01,13.97,12.56,12.03,11.38,11.62,12.02,15.01,15.46,15.19,15.39,15.78,16.96,17.2,17.49,17.23,17.23,16.43,16.45,17.13,23.13,24.54,17,15.23,15.04
"93","HB_HOUSTON",2016-04-02,17.95,14.2,13.43,12.7,12.91,14.21,15.04,16.21,21.51,25.71,19.19,19.76,19.66,20.86,19.63,18.49,20.2,21,20.99,28.53,32.55,20.99,19,15.55
"94","HB_HOUSTON",2016-04-03,19.57,16.29,11.5,10.75,10.84,11.76,12.25,13.42,15.05,16.95,17.18,17.82,16.51,16.17,16.76,17.99,18.56,18.6,19.74,27.97,29.19,15.82,13.55,10.24
"95","HB_HOUSTON",2016-04-04,5.53,4.47,4.09,4.78,9.86,13.78,18.75,18.05,19.04,19.13,20.15,20.99,22.98,25.97,32.86,39.74,48.86,41.81,25.39,23.64,24.8,19.98,16.85,14.14
"96","HB_HOUSTON",2016-04-05,6.97,4.1,1.26,1.53,4.09,9.94,13.85,14.2,14.45,14.96,15.43,15.99,17.21,19.98,19.13,22.12,27.02,24.81,20.92,16.21,18.94,16.02,12,8.16
"97","HB_HOUSTON",2016-04-06,9.6,8.32,6.31,6.88,10.19,11,14.47,15.46,15.42,15.89,16.33,18.89,19.65,22.21,25.4,29.83,33.21,36.02,30.23,28.23,36.04,21.88,19.03,15.01
"98","HB_HOUSTON",2016-04-07,11.86,10.27,7,5.97,8.96,11.22,16.47,16.51,16.84,17.17,17.56,18.77,20.97,24.67,33.57,48.51,64.46,56.28,28.74,24.22,23.79,19.66,15.82,13.82
"99","HB_HOUSTON",2016-04-08,9.61,7.57,6.33,6.3,8.44,11.73,16.37,16.57,17.08,17.58,17.53,18.07,18.25,19.54,22.12,25.53,27.4,22.74,20.68,19.42,19.62,16.67,14.45,13.07
"100","HB_HOUSTON",2016-04-09,10.24,7.2,5,5.06,5.51,7.21,13,13.69,14.2,15.43,16.39,16.64,17.76,18.16,19.92,17.47,19.19,19.19,16.66,14.91,17.7,15.11,9.07,7.27
"101","HB_HOUSTON",2016-04-10,4.69,3.63,3.24,2.9,1.5,2.06,5.78,8.17,11.64,13.68,15.35,15.32,16.98,19.14,20.5,22.38,24.26,23.69,22.34,21.63,30.8,18.94,11.38,10.14
"102","HB_HOUSTON",2016-04-11,11.81,9.77,7,7.2,9.94,12.12,14.76,15.34,17.46,18.67,19.6,20.57,23.13,32.04,42.61,63.49,79.01,55.08,36.69,26.88,29.49,20.51,18.54,14.79
"103","HB_HOUSTON",2016-04-12,13.47,12.4,11.97,11.74,12.22,14,17.17,18.8,21.15,21.17,21.56,22.88,24.09,26.8,29.92,36.74,35.92,30.55,25.42,23.85,25.04,22.12,19.82,15.76
"104","HB_HOUSTON",2016-04-13,14.81,12.79,12,11.96,12.44,15.97,21.6,23.14,23.14,23.52,23.13,22.65,22.83,23.94,22.68,26.46,28.97,28.11,23.68,20.58,22.89,17.43,15.21,13.68
"105","HB_HOUSTON",2016-04-14,11.57,11.49,10.84,10.9,11.37,12.55,15.4,15.98,16.46,16.5,17.71,17.77,18.37,20.08,20.5,28.31,28.3,21.57,18.33,17.72,19.8,14.83,12.98,11.93
"106","HB_HOUSTON",2016-04-15,9.11,4.91,4.34,4.35,4.91,10.67,14.07,14.53,15,14.79,14.85,15.29,16.79,17.77,20.1,22.25,25.54,20.58,18,16.56,20.17,15.82,12.49,10.5
"107","HB_HOUSTON",2016-04-16,8.26,4.91,4.31,4.23,4.44,5.39,12.41,11.52,13.4,13.95,15.87,17.8,20.23,17.56,19.77,20.69,23.93,21.97,21.28,20.65,24.96,20.52,14.34,13.02
"108","HB_HOUSTON",2016-04-17,14.95,12.27,12.23,12.39,11.29,10.72,11.59,12.16,14.45,14.96,17.3,20.89,20.55,19.94,21.15,22.09,24.68,20.89,21.22,23.87,35.94,21.78,15.85,14
"109","HB_HOUSTON",2016-04-18,11.27,10.64,9.96,9.88,10.04,13.68,19.78,14.87,16.68,17.06,18.96,20.46,20.93,21.21,22.14,26.59,30.15,25.25,20.28,19.59,32.4,21.29,19.01,15.96
"110","HB_HOUSTON",2016-04-19,17.38,15.59,15.41,13.38,14.5,18.33,25,21.36,22.51,21.47,22.46,22.96,22.23,24.58,24.52,29.62,30.8,27.23,23.11,22.21,29.89,21.61,20.49,18.22
"111","HB_HOUSTON",2016-04-20,12.83,12.31,11.75,11.59,12.24,13.79,19.04,18.83,19.76,21.07,22.24,23.58,22.48,24.75,26.12,30.21,33.41,28.9,23.46,20.85,23.61,19.67,15.99,13.7
"112","HB_HOUSTON",2016-04-21,11.01,10.86,10,10.71,11.8,13.2,17.03,17.73,19.14,19.53,20.42,21.75,23.95,25.78,25.02,27.34,27.89,26.38,19.85,19.88,29.84,22.85,18.65,15.59
"113","HB_HOUSTON",2016-04-22,13.51,12.99,12.04,11.8,12.13,13.45,19.01,19.2,19.45,20.6,20.89,22.7,25.16,28,33.8,39.54,45.98,39.03,24.68,21.61,23.89,19.48,15.5,13.5
"114","HB_HOUSTON",2016-04-23,13.08,11.18,6.88,6.87,5.19,6.88,14.36,14.59,15.38,16.3,17.42,19.84,22.67,25.58,30.23,34.07,33.88,29.13,21.53,19.96,23.48,21.4,13.92,14.26
"115","HB_HOUSTON",2016-04-24,9.99,7.51,5.83,4.84,4.78,4.99,10.14,12.32,15.31,15.41,17.48,17.88,17.96,21.26,24.36,26.01,27.09,27.41,20.12,17.72,19.57,16.85,12.22,11.25
"116","HB_HOUSTON",2016-04-25,4.55,3.18,2.62,3.05,4.08,9.56,14.14,14.93,16.33,17.34,19.63,20.83,25.85,31.19,39.06,49.52,60.96,37.13,29.43,22.14,25.08,20.38,15.74,13.7
"117","HB_HOUSTON",2016-04-26,11.65,4.87,3.75,4.52,8.94,13.47,15,14.93,15.78,16.42,17.66,20.99,22.95,26.31,36.32,46.57,49.92,31.24,26.16,22.06,24.62,21.17,17.43,13.83
"118","HB_HOUSTON",2016-04-27,12.53,10.59,5.9,8.78,10.31,12.19,16.13,15.54,16.77,18.15,19.21,23.91,28.08,35.05,44.21,65.05,98.73,99,37.7,28.15,30.82,23.5,20.08,15.34
"119","HB_HOUSTON",2016-04-28,12.43,9.86,5.17,4.44,6.81,11.2,14.28,15.1,15.56,17.19,20.4,21.29,24.85,26.2,35.31,50.69,59.6,40.17,26.82,19.36,22.2,19.32,17,13.77
"120","HB_HOUSTON",2016-04-29,11.88,10.01,7.47,5.92,7.45,11.02,14.82,14.8,14.77,16.42,18.07,19.58,20.52,23.21,29.74,37.62,42.5,28.24,22.71,19.92,21.2,18.98,15.68,13.68
"121","HB_HOUSTON",2016-04-30,12.9,12.06,11.32,11.05,11.63,12.17,12.34,13.3,15.53,18.59,20.95,24.72,25.35,28.11,29.38,37.14,47.4,32.93,24.54,22.74,22.64,20.62,16.05,14.02
"122","HB_HOUSTON",2016-05-01,12.52,11.54,10.2,6.97,4.77,4.2,9.32,9.85,12.33,13.4,15.27,18.91,20.55,24.42,28.74,39.11,35.31,28.04,24,21.69,22.82,20.53,14.49,12.51
"123","HB_HOUSTON",2016-05-02,9.15,6.89,5.86,5.69,9.09,11.19,15.22,14.88,15.86,17.61,18.25,18.8,19.28,19.21,22.79,28.28,28.47,28.37,23.1,21.96,25.12,20.18,16.01,13.21
"124","HB_HOUSTON",2016-05-03,12.07,11.55,10.39,10.38,11.39,12.53,17.01,16.98,16.97,17.36,18.5,19.93,19.96,21.71,22.87,28.23,29.01,28.33,21.89,20.34,22.99,19.27,15,13.3
"125","HB_HOUSTON",2016-05-04,11.19,11.05,10.67,10.55,10.9,11.67,15.95,15.68,16.12,16.55,17.24,17.46,18.83,21.5,22.92,29.8,35.31,37.96,25.85,23.8,25.97,19.76,16.61,14.19
"126","HB_HOUSTON",2016-05-05,12.48,11.38,10.14,9.5,10.66,12.05,15.77,15.54,16.51,17.48,17.78,19.51,21.06,22.29,25.08,34.05,49.5,37.57,24.83,20.21,20.89,18.05,14.89,13.46
"127","HB_HOUSTON",2016-05-06,10.45,6.64,4.99,4.99,5.78,11.49,15.32,15.29,16,15.98,16.98,18.58,20.03,23.02,28.65,37.31,36.76,33.65,24.19,20.56,20.83,16.8,13.86,11.7
"128","HB_HOUSTON",2016-05-07,9.94,5.67,4.32,3.44,3.04,3.04,10.01,11.5,12.49,13.31,14.66,15.79,17.22,20.57,25.19,30.01,35.34,30.31,23.63,18.65,17.11,16.93,13.56,11.79
"129","HB_HOUSTON",2016-05-08,8.4,6.14,4.89,4.33,3.68,4.2,7.75,8.29,11.58,12.46,13.73,14.52,16.42,18.89,21.61,24.15,25.81,26.07,21.35,19.04,18.1,16.98,12.56,11.42
"130","HB_HOUSTON",2016-05-09,10.92,7.85,6.05,6.5,7.86,11,14.51,14.46,15.7,16.07,17.6,17.5,18.31,20.68,25.46,32.86,37.41,36.05,26.07,21.44,20.74,18.36,15.52,12.45
"131","HB_HOUSTON",2016-05-10,11.78,10.28,10.03,8.36,11.75,13.18,16.06,16.02,16.8,19.32,20.97,22.57,27.34,30.26,33.18,46.46,73.62,49.26,28.07,25.95,23.81,20.63,18.14,14.29
"132","HB_HOUSTON",2016-05-11,13.2,11.98,11.52,11.52,12.37,13.94,16.25,17.05,18.48,19.54,20.31,23.69,27.42,32.65,35.83,51.97,62.19,49.4,30.82,23.54,22.89,20.03,19.13,17.01
"133","HB_HOUSTON",2016-05-12,13.54,12.63,11.29,11.19,12.83,15.36,16.85,15.08,16.16,16.61,19.13,19.99,21.45,28.52,32.83,34.99,35.48,32.89,24.68,22.36,24.49,22.19,19.2,17.54
"134","HB_HOUSTON",2016-05-13,15.45,13.79,12.86,12.52,12.45,13.2,16.33,16.87,16.87,17.4,18.83,20.51,21.72,26.11,28.07,36.58,42.17,37.78,24.46,20.87,21.07,19.21,16.85,14.68
"135","HB_HOUSTON",2016-05-14,13.68,12.5,11.67,11.21,11.24,11.72,12.79,14.19,15.25,17.14,20.11,22.37,25.08,29.95,33.27,38.71,41.68,34.93,23.7,21.33,21.17,19.95,16.54,14.41
"136","HB_HOUSTON",2016-05-15,13.38,12.89,12.04,11.87,11.61,11.72,11.2,11.99,13.82,15.62,16.55,18.41,21.75,25.52,31.79,34.19,35.61,34.29,22.96,20.1,21.33,18.83,16.73,13.31
"137","HB_HOUSTON",2016-05-16,12.4,10.65,8.66,9.91,11,12.83,15.33,15.56,16.05,15.77,18.14,19.72,21.53,23.85,26.93,36.84,36.57,26.72,21.68,19.99,21.59,18.03,15.47,12.55
"138","HB_HOUSTON",2016-05-17,5.34,5.27,4.94,5.01,8.96,12.08,14.75,14.61,15.46,16.28,17.5,19.29,24.39,37.58,39.42,42.35,40.73,29.22,20.56,19.09,20.06,18.64,15.5,13.06
"139","HB_HOUSTON",2016-05-18,12.25,11.57,11.32,11.1,11.62,12.62,16.11,15.14,16.05,16.01,17.05,18.03,19.11,28.66,32.53,39.67,36.96,28.7,20.58,19.4,21.95,20.6,16.18,13.68
"140","HB_HOUSTON",2016-05-19,14,12.4,12.07,12.02,12.17,14.09,16.95,15,15.4,16,16.74,16.64,17.61,23.4,24.84,24.11,24.69,22.12,19.42,18.26,20.66,17.79,15.33,13.58
"141","HB_HOUSTON",2016-05-20,12.28,11.76,11.47,11.4,11.73,13.27,15.61,15.52,16.15,17.08,17.78,18.4,20.6,24.79,28.32,36.17,41.59,28.03,21.01,20.08,20.26,18.58,15.08,13.08
"142","HB_HOUSTON",2016-05-21,11.33,10.08,8.95,8.94,9.19,10.01,12.34,12.55,13.09,15.01,16.37,20.37,26.01,33.15,36.1,49.31,51.97,28.25,22.42,19.46,20.03,17.33,15.34,14.24
"143","HB_HOUSTON",2016-05-22,11.14,9.92,8.86,9.07,9.23,10,9.48,10.5,12.53,14.03,15.28,18.2,19.99,20.42,24,25.92,27.75,21.54,17.37,16.4,16.43,15.62,13.38,12.11
"144","HB_HOUSTON",2016-05-23,10.79,6.91,5.39,9.24,10.51,12.29,12.51,13.25,14.02,14.98,15.73,17.99,19.2,20.79,27.14,33.37,36.51,26,21.18,17.57,18.14,17.49,15.38,12.73
"145","HB_HOUSTON",2016-05-24,12.1,9.13,6.5,7.68,9.74,12.62,14.57,14.55,19.79,22.86,26.13,29.23,33.66,40.78,51.01,62.14,46.34,31.01,21.48,20.15,20.33,17.88,16.22,14.5
"146","HB_HOUSTON",2016-05-25,12.48,11.36,10.35,10.78,11.71,13.67,14.08,14.98,15.62,17.61,19.11,21.26,25.9,30.02,35.22,44.63,49.57,30.77,23.76,21.61,21.36,18.38,18.34,13.89
"147","HB_HOUSTON",2016-05-26,12.89,11.52,9.99,9.7,10.34,12.15,13.43,14.34,14.67,15.51,17.96,17.97,20,19.82,26.05,26.24,25.57,21.03,18.22,18.28,16.76,16.57,16.09,12.72
"148","HB_HOUSTON",2016-05-27,12.25,11.37,10.78,10.63,11.24,12.37,13.43,14.19,15.21,15.45,17.41,17.89,20.83,26.11,28.72,33.7,31.94,23.59,20.33,18.52,19.48,17.85,15.6,12.88
"149","HB_HOUSTON",2016-05-28,15.27,12.52,11.55,11.44,11.5,11.77,13.5,13.99,17.22,19.63,24.86,25.26,32.05,41.74,50.83,60.93,58.27,39.93,28.29,24.99,23.11,21.36,19.5,16.01
"150","HB_HOUSTON",2016-05-29,16.02,12.53,11.46,10.76,11.06,11.35,10.59,11.81,14,15.96,19.2,18.96,22.3,27.07,35.41,38.7,44.12,28.11,23.88,22.85,22.76,19.99,20.06,17.79
"151","HB_HOUSTON",2016-05-30,15.24,13.01,11.55,10.76,9.94,11.1,12.52,13.14,13.28,15.37,18.01,19.87,20.12,27.75,33.06,37.76,38.38,26.42,20.92,19.01,19.59,18.41,17.28,13.63
"152","HB_HOUSTON",2016-05-31,13.3,11.51,10.56,10.5,11.04,13.5,16.03,15.62,16.39,17.4,18.39,19.65,23.01,24.13,29.48,33.01,32.39,22.86,19.97,18.55,19.81,18.5,18.96,15.8
"153","HB_HOUSTON",2016-06-01,15.68,13.56,12.91,13.03,13.11,14.93,16.66,15.76,17.22,17.58,19.29,21.1,20.83,21.58,29.62,34.92,33.48,22.46,19.99,20.52,20.61,18.91,18.6,15.22
"154","HB_HOUSTON",2016-06-02,15.08,14.01,13.5,13.09,13.69,15.21,16.34,17.42,17.49,18.71,20.24,19.48,20.86,21.36,24.89,25.99,30.65,27.44,20.73,20.32,21.91,20.31,17.52,16
"155","HB_HOUSTON",2016-06-03,15.49,14.44,13.75,13.64,14.05,15.1,16.51,16.64,17.56,19.69,21.66,23.91,24.73,31.84,25.83,29.69,30.5,25.79,22.65,21.11,21.66,20.5,17.66,15.89
"156","HB_HOUSTON",2016-06-04,15.87,15,14.19,13.64,13.84,14,12.6,14.62,16.37,16.76,18.51,18.74,19.83,23.33,24.01,32.03,30.5,27.74,19.89,19.01,20.5,18.84,17.31,16.2
"157","HB_HOUSTON",2016-06-05,15.78,15.62,14.56,14.23,14.05,13.59,11.91,14.63,15.8,15.72,16.9,20.26,20.62,21.01,23.4,35.5,38.47,32.97,22.15,20.24,20.87,20.85,17.87,15.76
"158","HB_HOUSTON",2016-06-06,14.98,14.1,13.43,13.11,13.43,14.41,15.2,15.7,17.32,19.68,20.14,21.07,21.74,26.53,37.44,42.17,51.53,39.22,23.87,21.77,22.36,20.22,18.51,16.04
"159","HB_HOUSTON",2016-06-07,15.58,13.83,12.63,12.2,12.63,14.28,15.65,16.54,17.49,19.45,21.32,21.97,23.98,29.55,36.31,48.53,54.89,39.44,29.23,22.99,23.44,21.75,18.41,16.92
"160","HB_HOUSTON",2016-06-08,16.37,14.04,12.51,12.04,12.25,14.22,13.94,15.46,15.99,17.95,21.31,21.66,24.66,31.42,36.09,40.98,43.87,32.19,23.55,22,20.87,19.21,18.37,16.22
"161","HB_HOUSTON",2016-06-09,11.6,6.68,4.31,4.65,5.64,9.29,16.45,17.04,17.23,17.47,20.57,21.04,22.6,27.19,34.44,36.9,42.87,27.54,22.32,20.8,21.23,18.98,16.61,12.36
"162","HB_HOUSTON",2016-06-10,15.11,13.73,12.09,12.01,13.33,15.11,13.67,15.55,17,19.58,23.19,24.92,28.14,30.1,36.6,42.95,48.04,27.33,23.25,22.61,21.82,20.58,19.14,16.2
"163","HB_HOUSTON",2016-06-11,17.16,15.06,14.95,13.46,13.1,13.61,12.12,14.71,18.09,22.1,27.48,26.63,30.28,34.24,39,39.51,43.96,30.73,24.83,22.99,24.12,20.43,18.74,17.13
"164","HB_HOUSTON",2016-06-12,16.25,15.22,14.06,13.6,12.56,13,11.72,13.32,16.52,20.91,26.52,25.11,28.3,31.79,36.51,39.82,46.31,32.91,26.45,27.44,24.97,22,18.76,16.48
"165","HB_HOUSTON",2016-06-13,15.62,14.39,13.03,12.57,13.69,15.66,15.59,16.94,16.84,19.45,24.72,25.5,31.94,34.39,40.14,46.01,46.11,33.02,24.51,25.1,24.11,20.44,18.84,16.68
"166","HB_HOUSTON",2016-06-14,17,15.51,13.93,13.7,14.5,15.95,16.79,17.91,17.75,20.88,22.67,27.6,31.95,36.63,39.54,50.98,54.48,37.17,30.43,26.37,25.03,23.9,20.58,19.12
"167","HB_HOUSTON",2016-06-15,16.74,15.49,14.86,14.73,14.72,15.98,16.33,17.01,18.29,22.51,24.81,26.7,31.54,34.3,40.9,65.5,63.23,39.8,29.96,26.24,23.68,22.76,21,18.29
"168","HB_HOUSTON",2016-06-16,18.16,17.41,15.48,13.31,14.47,16.33,17,18.52,19.06,20.21,23.05,25.91,35.9,38.35,47.75,70.27,73.11,43.2,32.16,27.56,26.91,23.47,23.69,20.87
"169","HB_HOUSTON",2016-06-17,17.2,15.91,14.71,13.77,14.72,16.18,17,18.08,19.78,22.72,28.86,34.56,52.33,69.57,97,141,141,84.83,49.18,33.99,30.61,25.44,27.71,20.65
"170","HB_HOUSTON",2016-06-18,20.57,18.01,16.7,16.54,16.61,16.98,14.99,16.88,19.3,22.78,29.33,38.25,55.54,66.07,77.01,94.52,101.54,67.35,41.64,36.8,36.71,30.29,28.2,20.96
"171","HB_HOUSTON",2016-06-19,22,18.49,18.26,17.39,16.94,16.91,14.94,15.6,18.5,21.87,25.42,30.58,39.86,48.42,50.76,55.73,57.15,41.4,34.71,31.89,30.33,24.2,24.33,20.94
"172","HB_HOUSTON",2016-06-20,18.43,17.05,16.19,15.74,15.71,17.24,16.88,17.25,18.66,20.92,23.26,28.09,35.04,38.43,49.02,52.38,49.02,37.34,30.26,25.84,23.78,22.66,23.45,19.8
"173","HB_HOUSTON",2016-06-21,18.3,17.71,16.63,16.2,16.31,16.9,16.88,17.83,18.62,22.39,25.38,31.73,36.92,45.66,54.54,61.3,60.27,37.44,32.06,28.51,27.85,25.87,23.47,19.99
"174","HB_HOUSTON",2016-06-22,18.31,16.37,15.46,13,12.79,16,14.34,17.36,19.27,21.41,25.75,38.17,45.58,48.55,50,64.99,60.38,41.36,33.43,27.32,25.53,23.15,21.98,19.52
"175","HB_HOUSTON",2016-06-23,22.83,19,17.01,15.48,15.96,17.95,17.5,19.71,20.72,25.8,35.76,42.97,45.36,66,77.3,97.01,82.08,39.79,33.29,29.11,25.8,25.68,23.28,20.35
"176","HB_HOUSTON",2016-06-24,18.21,16.25,14.42,13.63,14.5,16.46,16.45,18,19.55,23.74,29.24,32.51,38.87,45.51,54.86,72.24,65.84,43.23,33.38,29.46,27.86,25.24,22.33,20.78
"177","HB_HOUSTON",2016-06-25,19.25,17.45,15.95,14.93,14.27,14.4,14.16,16.61,18.85,21.94,27.23,32.58,35.76,39.09,46.24,54.71,50.79,38.11,30.4,26.03,28.8,28.32,22.8,19.9
"178","HB_HOUSTON",2016-06-26,18.26,17.14,16.34,15.21,14.59,14.5,11,14.1,17.39,19.94,23.5,25.72,33.16,38.92,48.05,54.77,58.56,39.02,32.45,30,28.64,24.73,23.02,20.53
"179","HB_HOUSTON",2016-06-27,18.49,17.49,16.55,16.34,16.39,16.83,17.99,19.25,21.38,23.58,28.91,34.48,38.99,43.63,51.64,82.59,84.99,48.02,38.43,35.21,32.29,30.03,25.33,22.02
"180","HB_HOUSTON",2016-06-28,18.82,18.03,17.23,16.42,16.44,17.09,17.78,18.94,20.92,24.72,28.2,32.13,39.34,45.26,50.73,60.91,56.73,36.93,30.68,29.83,27.02,25.58,24.28,21.76
"181","HB_HOUSTON",2016-06-29,19.91,18.24,17.89,17.14,17.01,17.96,19.24,20.3,22.13,23.72,29.14,31.22,35.87,42.27,46.48,62.41,66.04,42.08,34.19,31.53,30.06,28.35,25.08,21.87
"182","HB_HOUSTON",2016-06-30,20.21,18,16.99,16.34,16.35,18,19.63,20.19,21.25,23.28,26.77,32.11,37.43,48.24,52.87,59.44,57.48,39.94,32.41,30.78,29.46,26.02,25,22.23
"183","HB_HOUSTON",2016-07-01,19.35,17.92,16.78,15.81,15.93,17.57,18.4,20.14,21.64,24.41,26.47,32.87,40.92,48.17,53.33,64.87,61.98,41.05,33.04,30.84,28.07,24.99,23.19,20.4
"184","HB_HOUSTON",2016-07-02,19.38,18.12,17.22,15.58,15.33,15.58,11.38,14.13,19.95,21.51,24.88,33.81,38.09,45.24,54.39,68.65,77.64,48.16,35.75,32.56,31.82,29.82,23.62,21.28
"185","HB_HOUSTON",2016-07-03,19.8,18.03,16.57,15.05,14.05,14.08,12.26,14.19,18.03,20.6,23.38,33.11,36.09,47.36,56.79,71.97,80.92,50.48,37.7,34.62,31.89,31,25.72,22.5
"186","HB_HOUSTON",2016-07-04,19.9,19.17,18.45,17.23,16.62,16.3,14.99,16.16,19.78,21.76,24.76,35.95,39.51,52.13,61.4,80.41,79.25,49.74,38.66,34.81,32,28.37,22.97,21.14
"187","HB_HOUSTON",2016-07-05,19.7,17.95,16.85,15.53,15.57,16.6,18.98,19.72,22.47,24.64,27.78,33.15,40.4,53.95,66.72,91.22,101.26,54.59,39.11,36.72,31.17,27.44,25.47,21.02
"188","HB_HOUSTON",2016-07-06,19.63,17.56,14.05,10.08,11.24,16,18.66,19.79,20.79,23.66,29.13,33.06,35.38,46.86,51.24,62.68,81.5,45.17,34.33,34.29,31.58,29.3,23.53,20.82
"189","HB_HOUSTON",2016-07-07,19.97,18.94,16.76,15.65,15.29,16.5,18.21,19.39,20.4,23.09,27.55,28.98,34.47,41.14,46.03,53.48,61.68,37.7,30.51,35.16,31.12,27.73,23.57,20.2
"190","HB_HOUSTON",2016-07-08,19.96,17.61,15.62,15.6,14.86,16.62,17.85,19.09,20.31,22.3,27.25,29.27,32.86,39.4,45.46,57.43,60.69,38.43,31.97,35.74,29.97,27.94,23.64,21.28
"191","HB_HOUSTON",2016-07-09,20.5,18,16.52,16.37,15.65,15.89,18.42,19.41,21.46,25.27,30.41,28.85,37.59,42.99,47.88,56.74,58.17,42.24,34.27,37.79,34.64,31.18,23.49,20.77
"192","HB_HOUSTON",2016-07-10,19.58,18.87,18.02,16.57,15.65,15.71,15.64,16.05,18.61,21.43,24.97,28.69,35.08,37.62,45.26,56.04,59.26,40.56,33.3,28.72,30.45,28.55,21.78,20.33
"193","HB_HOUSTON",2016-07-11,19.24,17.17,15.45,14.37,14.61,16.51,16,18.16,19.95,21.44,23.5,27.96,31.88,38.42,42.68,48.36,50.68,37.36,28.83,27.54,27.59,23.67,21.75,19.5
"194","HB_HOUSTON",2016-07-12,19.15,16.66,15.04,14.25,14.74,15.96,18.11,17.2,19,20.49,22.36,25.11,29.59,35.9,37.82,50.39,48.88,37.31,29.74,26.44,25.8,23.5,21.95,20.09
"195","HB_HOUSTON",2016-07-13,20.09,17.39,16.13,14.97,15.3,16.98,18.72,18.51,19.52,20.63,22.02,25.32,30.97,34.78,43.25,48.02,52.33,36.14,31.6,26.89,24.95,23.57,21.77,19.81
"196","HB_HOUSTON",2016-07-14,21.31,17.16,16.96,16.87,17.15,18.63,18.29,17.98,19.17,20.88,23.42,28.48,33.3,36.81,43.86,48.24,49.94,35,30.37,27,24.28,23.52,22.09,20.97
"197","HB_HOUSTON",2016-07-15,19.26,17.74,17.4,17.5,17.78,18.06,17.2,18.3,18.17,21.32,23.75,33.17,35.36,48.41,66.86,81.43,76.09,49.22,37.47,37.64,29.27,24.97,23.26,20.85
"198","HB_HOUSTON",2016-07-16,20,18.5,17.26,16.07,16.3,16.55,14.86,16.41,18.48,21.93,25.08,33.09,40.87,47.63,61.86,62.05,63.76,50.64,37.21,33,28.86,28,22.58,20.65
"199","HB_HOUSTON",2016-07-17,18.13,16.57,15.86,14.85,14.62,14.76,12.02,14.1,17.22,18.83,21.65,26.63,31.81,44.1,49.22,65.43,66.27,47.5,34.09,28.78,26.94,24.87,20.83,19.56
"200","HB_HOUSTON",2016-07-18,17.36,16.06,15.5,15.53,16.13,16.64,14.67,16.72,18.84,20.75,26.23,35.79,43.72,53.25,59.79,63.29,49.53,37.43,31.67,28.69,27,24.64,21.91,20.25
"201","HB_HOUSTON",2016-07-19,18.67,17.43,16.57,16.52,16.75,16.98,17.05,17.84,19.47,21.5,24.84,30.73,38.36,46.27,49.73,53.41,55.69,39.71,32.36,30.27,26.77,24.59,23.02,20.54
"202","HB_HOUSTON",2016-07-20,19.8,18.42,18,17.56,17.93,19.82,19.65,19.5,22.69,23.22,28.9,34.91,39.09,45.14,48.07,59.85,61.2,48.11,34.03,33.51,31.34,28.66,23.99,21.53
"203","HB_HOUSTON",2016-07-21,19.3,18.5,17.45,16.96,17.07,18.5,18.67,19.22,21.35,23.27,29.17,37.85,42.61,51.43,56.25,79.67,101.38,48.65,38.79,32.98,31.97,29.72,23.73,20.91
"204","HB_HOUSTON",2016-07-22,19.94,18.85,17.6,17.1,17.29,17.79,17.46,17.94,19.8,22.63,26.07,35.46,40.7,43.67,50.78,70.52,88.21,47.99,37.24,32.81,29.46,25.75,23.46,21.49
"205","HB_HOUSTON",2016-07-23,21.57,19.22,18.63,17.68,17.34,17.49,16.16,17.36,19.34,22.63,24.18,34.75,41.41,47.44,48.72,72.33,72.51,46.86,37.09,33.62,31.59,28.01,25.91,23.36
"206","HB_HOUSTON",2016-07-24,19.76,19,18,17.27,17.17,16.95,15.48,16.55,18.54,21.41,24.04,33.46,38.58,46.57,51.02,69.22,76.55,49.76,36.98,35.77,33.95,30.3,25,22.05
"207","HB_HOUSTON",2016-07-25,20.02,19.15,18.59,18.05,18.01,18.71,17.64,18.07,21.85,23.73,28.63,35.68,42.54,57.66,56.44,65.48,48.86,39.66,32.37,29.14,28.21,26.03,23.97,22.03
"208","HB_HOUSTON",2016-07-26,19.56,18.74,18.26,17.83,17.99,18.53,18.37,18.89,21.81,23.25,25.04,31.68,35.34,42.68,43.71,48.39,48.95,38.08,32.68,28.76,27.4,26.94,24.2,22.18
"209","HB_HOUSTON",2016-07-27,19.42,18.25,17.99,17.59,17.67,18.25,18.1,18.76,21.36,22.47,26.22,30.38,34.91,44.14,48.02,48.23,49.53,39.26,33.13,29.96,26.62,25.52,23.35,21.65
"210","HB_HOUSTON",2016-07-28,19.64,18.52,17.84,17.5,17.7,18.6,17.95,18.54,20.38,22.78,26.33,31.6,35.21,44.11,50.59,52.56,48.65,37.54,32.21,30.02,28.12,26.19,24.45,21.75
"211","HB_HOUSTON",2016-07-29,18.97,17.54,17.04,16.99,16.99,17.57,17.3,18.05,20.21,21.74,26.88,32.11,40.91,48.76,51.04,64.9,74.81,45.59,33.56,30.56,28.13,25.47,22.57,20.86
"212","HB_HOUSTON",2016-07-30,19.6,18.41,17.56,17,16.83,17,15.44,16.57,19.17,21.64,25.17,31.64,36.05,44.4,52.59,67.53,63.71,40.75,33.35,31.35,29.27,27.4,22.69,20.94
"213","HB_HOUSTON",2016-07-31,19.17,17.57,17.29,16.5,16.15,15.19,15.01,15.55,18.86,22.29,24.22,28.93,32.39,39.03,46.92,57.46,56.31,43.98,34.5,31.36,29.48,27.43,22.12,19.8
"214","HB_HOUSTON",2016-08-01,18.79,17,16.22,15.41,15.92,17.94,18.51,18.94,20.66,24.56,25.68,32.69,36.82,43.56,53.25,66.3,63.71,43.68,35.58,31.83,31.82,26.49,23.43,21.39
"215","HB_HOUSTON",2016-08-02,20.04,17.3,16.25,16,16.44,17.77,18,18.61,20.42,22.83,26.88,33.24,41.53,50.82,65.68,102.33,109.65,51,39.59,35.36,31.84,27.73,26.25,23.29
"216","HB_HOUSTON",2016-08-03,19.83,17.91,17.14,16.56,16.69,17.48,18.17,18.61,21.15,23.83,29.75,35.64,41.6,66.88,116.75,129.17,146.22,68.84,44.74,34.6,33.36,30.6,24.21,21.76
"217","HB_HOUSTON",2016-08-04,19.76,17.99,17.19,16.5,16.93,17.55,17.48,19.25,20.35,22.98,27.44,33.93,45.4,77.22,195.84,245.93,209.5,89.49,45.27,35.81,32.06,28.8,23.81,20.56
"218","HB_HOUSTON",2016-08-05,19.44,17.5,16.48,16,16.33,17.81,17.54,18.61,20.32,22.03,28.32,35.72,45.93,85.44,157.75,222.25,186.35,69.31,40.32,35.16,32.03,28.34,25.36,21.15
"219","HB_HOUSTON",2016-08-06,19.5,18.62,17.98,17.31,17,17.32,17.76,18.18,20.02,23.09,28.89,37.5,54.82,86.11,147.48,200,200,95.09,46.67,36.2,33.9,28.56,24.64,21.66
"220","HB_HOUSTON",2016-08-07,19.83,18.06,17.9,17,16.82,16.5,15,16.01,18.32,21.04,24.43,32.66,39.47,68.87,115.37,178.25,166.07,91.7,48.4,40.25,34.09,29.8,25.36,20.29
"221","HB_HOUSTON",2016-08-08,19.88,18.18,17.33,16.99,17.17,17.57,18,18.97,20.19,23.14,27.53,33.74,49.73,95.61,181.06,261.85,238.65,111.74,41.31,34.37,32,29.76,25.86,21.57
"222","HB_HOUSTON",2016-08-09,19.91,18.52,17.61,16.66,16.93,17.67,18.69,19.53,20.28,22.13,26.99,34.11,41,72.66,147.86,197.48,168.48,86.59,39.17,32.24,30.69,28.62,25.49,21.35
"223","HB_HOUSTON",2016-08-10,19.62,18.34,17.59,17.27,17.12,18.06,18.09,19.11,19.81,22.49,25.82,31.98,43.13,63.55,102.67,137.13,116.79,54.05,35.44,32.92,31.22,29.03,24.46,20.36
"224","HB_HOUSTON",2016-08-11,20.11,18.61,17.91,17.08,17.1,17.98,17.77,18.03,19.26,21.68,26.04,32.75,42.11,72.94,117.92,161.65,141.33,63.16,42.54,38.26,34.2,30.62,25.57,21.15
"225","HB_HOUSTON",2016-08-12,19.74,18.89,17.97,17.24,17.13,18,17.09,18.1,21.85,24.62,30.37,41.41,48.85,108.22,168.55,269.69,195.52,86.91,53.19,41.77,32.59,30.33,29.02,24.7
"226","HB_HOUSTON",2016-08-13,23.14,21.31,18.97,18.09,17.61,17.58,18.7,18.68,21.45,25.52,26.88,39.42,52.27,37.69,45.69,50.45,46.79,37.8,30.26,28.73,27.79,24.42,22.77,20.09
"227","HB_HOUSTON",2016-08-14,20.1,18.06,17.51,16.7,16.76,16.51,15.48,16.01,16.98,18.67,22.23,24.57,25.69,29.26,32.06,40.8,37.62,30.52,25.29,23.78,22.64,22.83,21.11,20.08
"228","HB_HOUSTON",2016-08-15,17.88,17.03,16.47,16.4,16.67,17.53,17.52,17.95,18.54,21.7,24.93,27.25,30.97,33.2,33.99,38.78,35.35,29.86,25.16,24.98,23.25,22.88,20.88,19.59
"229","HB_HOUSTON",2016-08-16,17.29,16.88,16.47,16.17,16.61,17.25,18.09,18.9,19.19,21,23.29,24.32,26,29.74,30.36,32.49,31.11,25.92,23.14,21.54,22.14,20.95,20.45,19.68
"230","HB_HOUSTON",2016-08-17,17.18,16.59,16.4,16.5,16.82,17.56,18.78,19.65,20.08,21.3,22.94,24.71,29.78,28.04,29.54,37.78,36.8,26.36,24.63,22.1,22.89,22.27,20.02,18.69
"231","HB_HOUSTON",2016-08-18,17.5,16.7,16.57,16.68,17.11,18,18.55,19.42,20.08,22.06,22.43,24.57,24.95,29.78,32.23,35.26,32.45,26.75,23.94,22.22,22.35,21.12,20.05,19.18
"232","HB_HOUSTON",2016-08-19,17.14,16.26,15.91,15.93,16.36,16.98,18.38,19.15,19.33,19.97,22.57,24.44,27.1,29.89,31.4,42.21,38.36,28.24,24.93,23.02,23.11,21.3,20.81,19.49
"233","HB_HOUSTON",2016-08-20,18.66,17.25,17.1,16.73,16.74,17.23,17.54,18.09,19.89,20.75,23.05,25.85,28.57,33.58,38.39,47.97,42.79,35.27,28.36,25.65,25.74,23.24,21.35,20.82
"234","HB_HOUSTON",2016-08-21,18.64,17.5,17.27,16.95,16.66,16.61,16.99,17.15,19.11,20.13,20.98,21.73,22.69,25.06,26.97,31.38,30.97,25.76,23.77,21.9,23.1,22.06,20.42,19.29
"235","HB_HOUSTON",2016-08-22,17.11,16.75,16.57,16.57,16.78,17.62,18.86,19.44,19.71,22,23.17,24.58,24.76,29.9,32.45,37.39,36.57,27.14,24.58,22.54,23.56,22.22,20.68,18.83
"236","HB_HOUSTON",2016-08-23,18,16,14.31,13.49,14.52,17.42,18.22,18.64,19.57,20.55,21.6,24.89,26.85,29.74,34.24,42.36,44.3,35.71,26.99,25.04,24.92,22.19,21.19,19.63
"237","HB_HOUSTON",2016-08-24,17.77,16.25,15.57,15.07,15.92,17.03,19.13,19.11,21.67,21.4,24.85,25.18,27.4,32.11,35.07,44.78,46.21,36.27,29.77,25.68,26.15,23.04,20.72,19.06
"238","HB_HOUSTON",2016-08-25,17.6,17,16.87,16.87,17,17.77,20.06,20.74,22.8,23.94,27.48,30.14,34.61,37.07,43.86,48.49,47.65,32.99,30.08,28.01,26.88,26.04,21.25,19.79
"239","HB_HOUSTON",2016-08-26,17.9,17.4,16.99,16.91,17.39,18.02,19.92,19.87,21.69,23.32,24.7,28.09,30.99,35.61,38.07,41.86,39.82,28.19,25.27,23.56,23.84,22.96,21.81,20
"240","HB_HOUSTON",2016-08-27,18.52,17.62,17.51,17.07,16.82,17.58,17.83,18.7,20.93,22.69,25.41,28.5,32.44,39.11,44.79,52.84,47.29,34.04,28.53,26.16,28.17,24.09,22.11,20.84
"241","HB_HOUSTON",2016-08-28,20.06,18.79,18.52,18.03,17.82,17.82,17.97,18.54,19.33,21.45,22.92,24.97,28.05,35.77,42.49,48.15,46.26,34.83,29.62,25.28,26.59,25,22.02,20.4
"242","HB_HOUSTON",2016-08-29,18.2,17.76,17.24,17.18,17.42,18.34,21.66,22.26,23.17,24.99,27.26,29.54,33.1,40.75,43.32,44.21,45.98,34.18,29.71,26.99,30,25.71,22.51,20.94
"243","HB_HOUSTON",2016-08-30,18.33,17.82,17.29,16.94,17.23,18.06,20.39,20.58,21.42,23.08,23.78,27.65,29.94,37.34,40.69,44.78,43.76,34.4,30.07,28.06,32.26,26.13,22.48,20.91
"244","HB_HOUSTON",2016-08-31,19,18.1,17.86,17.68,17.82,18.21,20.78,20.59,21.52,23.51,27.31,32.91,34.87,41.6,51.11,51.93,53.67,45.3,33.57,32.68,32.91,30.25,22.86,21.21
"245","HB_HOUSTON",2016-09-01,19.35,18.25,17.84,17.53,17.66,18.25,20.8,20.07,21.54,22.96,26.42,30.83,34.98,42.86,51.36,48.45,46.73,36.99,33.18,31.34,30.12,26.73,23,20.39
"246","HB_HOUSTON",2016-09-02,19.51,18.26,17.44,17.27,17.36,18.22,20.03,19.65,20.51,22.63,25.34,29.38,33.48,42.7,45.05,46.87,39.11,33.21,29.06,27.8,25.59,23.7,23.25,21.1
"247","HB_HOUSTON",2016-09-03,20,19.02,18.07,17.79,17.6,17.63,18.14,18.76,20.54,20.97,24.14,24.95,26.96,39.95,40.95,46.45,43.24,30.8,27.54,29.5,25.06,23.52,20.38,19.32
"248","HB_HOUSTON",2016-09-04,18,16.67,15.99,15.05,15,15,15.52,16,17.66,20.23,21.29,24.96,27.38,30.38,37.32,49.99,45.3,32.37,27.86,24.66,25.41,22.04,20.51,18.48
"249","HB_HOUSTON",2016-09-05,18.47,17.73,16.15,16.3,16.2,16.43,17.35,17.48,18.95,21.18,22.59,27.01,28.39,35.76,40.75,45.26,44.29,36.01,28.47,27,28.73,24.26,20.97,19.76
"250","HB_HOUSTON",2016-09-06,17.76,16.87,15.5,15.91,16.13,17.63,19.11,19.42,20.28,21.63,25.16,28.22,32.75,41.72,45.35,52.29,51.58,39.42,29.88,27.01,25.39,22.22,21.04,20.03
"251","HB_HOUSTON",2016-09-07,18.31,17,15.41,14.58,15.35,17.41,20.49,20.32,20.69,22.47,24.92,28.67,30.34,35.96,43.81,56.8,55.21,39.08,31.48,28.44,29.12,24.86,22.57,19.96
"252","HB_HOUSTON",2016-09-08,18.54,17.29,16.5,16.46,16.5,17.82,19.82,19.67,20.06,21.58,24.47,28.71,33.92,44.61,51.15,59.06,55.33,37.8,31.3,28.83,28.48,24.43,21.52,19.85
"253","HB_HOUSTON",2016-09-09,19.83,18.03,17.07,17,16.76,18.05,19.14,19.26,19.94,21.69,23.92,26.43,32.41,42.95,42.73,52.76,48.25,31.88,28.43,26.9,24.88,22.43,21.87,20.39
"254","HB_HOUSTON",2016-09-10,19.97,18.17,17.09,16.98,17,17.08,18.21,18.27,20.37,22.18,25.62,30.32,31.78,42.56,43.16,51.1,43.42,31.6,26.62,27.38,26.17,23.59,21.63,20.7
"255","HB_HOUSTON",2016-09-11,19.99,18.47,17.61,17.13,17.03,17.06,17.75,18,19.54,21.09,22.06,26.25,28.76,36.46,44.15,50.58,48.13,31.52,28,26,26.19,23.67,23.11,19.44
"256","HB_HOUSTON",2016-09-12,17.38,15.07,13.99,14.67,15.55,17.19,20,20.01,19.85,20.97,23.2,25.77,30.57,36.79,43.39,52.23,50.75,33.82,29.4,27.11,26.57,22.85,22.66,19.87
"257","HB_HOUSTON",2016-09-13,18.79,16.54,15.36,15.77,16.76,18.7,22.61,25.33,26.77,30.8,39.13,37.02,43.84,64.58,65.1,64.52,59.14,43.36,30.87,30.14,28.55,27.82,22.97,21.41
"258","HB_HOUSTON",2016-09-14,21.53,19.46,18.29,18,18.14,19.43,21.22,20.19,20.23,23.21,25.56,32.55,39.21,47.1,51.79,48.41,40.82,35.09,31.42,30.76,28.9,24.04,23.43,21.79
"259","HB_HOUSTON",2016-09-15,19.73,18.76,18.3,18.2,18.39,19.33,20.73,20.72,21.5,23.58,27.57,33.16,38.82,49.7,53.43,56.78,53.43,38.99,32.98,32.06,28.75,25.06,23.31,22.12
"260","HB_HOUSTON",2016-09-16,19.57,18.76,18.39,18.03,18,18.88,21.84,21.42,22.32,25.18,27.41,32.23,38.62,49.88,59.64,53.55,41.97,35.81,31.92,31.12,28.53,27.28,23.48,21.54
"261","HB_HOUSTON",2016-09-17,20.4,18.55,18.05,17.75,17.56,17.88,17.5,17.73,19.3,23.3,27.07,38.6,39.43,51.16,59.6,59.4,52.44,39.83,32.09,30.52,29.76,26.22,22.25,21.31
"262","HB_HOUSTON",2016-09-18,21.39,20.03,19.61,18.4,18.1,18,17.84,17.57,19.47,22.27,27.07,35.33,41.92,58.09,68.02,74.46,74.55,47.82,42.84,37.96,40.07,32.14,25.19,21.31
"263","HB_HOUSTON",2016-09-19,20.14,18.18,17.76,17.66,17.84,18.88,22.03,22.01,23.32,26.2,31.87,44.7,58.46,95.46,150,184.14,211.23,78.2,46.26,42.53,32.48,30.67,26.96,22.14
"264","HB_HOUSTON",2016-09-20,19.56,18.46,17.36,17.05,17.1,18.2,19.75,19.96,20.98,23.86,27.09,33.76,41.57,68.44,99.02,138.06,118.14,48.93,35.65,32.24,27.71,25.57,25,21.69
"265","HB_HOUSTON",2016-09-21,20.11,17.99,17.5,17.1,17.45,18.52,21.38,21.16,21.88,23.54,26.3,31.63,37.92,48.85,57.04,78.52,78.09,44.71,38.21,34.18,29.81,27.18,23.95,22.06
"266","HB_HOUSTON",2016-09-22,19.95,18.2,17.09,16.93,17.44,18.67,19.98,20.16,21.37,23.8,26.63,32.79,39.6,51.77,58.13,70.09,59.58,44.11,34.58,32.96,29.21,26.97,23.84,22.2
"267","HB_HOUSTON",2016-09-23,19.45,17.47,15.85,15.79,16.23,19.64,23.35,22.02,21.29,23.2,23.98,24.97,33.83,41.88,47.34,49.95,42.98,33.45,28.64,27.16,25.08,23.36,23.27,21.83
"268","HB_HOUSTON",2016-09-24,19.13,17.58,16,15.87,15.93,17.09,18.57,19.07,20.87,22.31,26.23,29.42,38.26,43.77,47.79,53.7,54.44,39.93,31.05,29.51,28.18,25,23.13,21.43
"269","HB_HOUSTON",2016-09-25,20.92,19.49,18.63,18.18,18.15,18.39,19.2,19.3,20.89,21.16,23.57,24.85,36.98,49.2,51.15,53.4,47.34,31.92,26.06,26.65,24.96,24.98,21.54,18.36
"270","HB_HOUSTON",2016-09-26,18.16,16.21,12.75,11.49,14.7,17.98,21.47,22.09,22.33,24.57,23.56,27.68,41.57,51.48,51.94,50.52,46.7,32.49,29.89,28.23,25.06,23.71,22.41,19.95
"271","HB_HOUSTON",2016-09-27,18.38,17.93,17.28,17.12,17.76,18.47,21.58,22.5,22.05,22.28,23.83,28.15,31.64,38.18,36.95,42.52,37.39,29.98,26.13,25.72,24.66,22.49,21.55,19.87
"272","HB_HOUSTON",2016-09-28,18.38,17.66,16.49,16.1,16.95,18.3,20.81,20.98,21.79,21.67,22.44,26.73,29.97,35.87,42.27,49,54.81,36.05,28.65,30,26.11,23.94,22.78,21.63
"273","HB_HOUSTON",2016-09-29,18.05,17.29,15.5,13.73,15.89,17.06,19.29,19.87,20.02,20.31,20.01,22.81,24.02,30.47,35.57,43.93,46.57,28.64,24.35,24.35,23.32,22.08,21.07,19.31
"274","HB_HOUSTON",2016-09-30,18.74,17.4,16.85,16.5,16.85,17.9,20.76,20.84,21.32,20.77,21.23,22.88,24.06,28.28,28.27,34.62,39.2,25.24,23.52,23.83,22.83,21.5,20.78,19.96
"275","HB_HOUSTON",2016-10-01,19.02,17.33,16.42,16.01,16.01,16.78,16.78,17.91,19.13,19.57,20.89,23.87,24.55,32.73,36.57,47.97,48.9,27.94,25.04,23.41,22.86,21.34,20.49,19.37
"276","HB_HOUSTON",2016-10-02,16.5,14.75,14.5,12.1,12.52,15,15,15.72,17.68,19.39,19.85,22.99,25.12,33.11,40.39,48.86,44.81,33.99,26.41,24.28,23.37,21.71,21,18.01
"277","HB_HOUSTON",2016-10-03,16.42,15.11,11.6,14.14,15.47,17.06,17.77,18.32,19.28,19.94,20.46,22.74,24.92,27.62,32.65,48.3,45,30.86,25.07,23.07,22.53,20.78,21.95,19.63
"278","HB_HOUSTON",2016-10-04,13.59,5,4,4.28,4.57,15.99,18.08,18.2,18.62,20.2,22.34,24.31,27.38,30.8,34.18,49.95,53.37,33.29,26.37,27.15,23.85,22.24,22.31,20.11
"279","HB_HOUSTON",2016-10-05,18.94,17.93,16.78,16.78,17.03,18.38,20.27,19.23,19.75,23.99,28.03,30.26,37.49,47.29,61.49,78.99,80.07,43.68,32.51,31.07,30.2,24.84,24.27,20.92
"280","HB_HOUSTON",2016-10-06,20.76,18.66,16.93,16.5,17,18.97,19.76,19.54,21.45,23.76,25.23,32.72,42.1,55.23,64.82,90.69,96.85,44.65,36.87,39.7,31.04,26.34,24.59,21.33
"281","HB_HOUSTON",2016-10-07,21.02,19.65,19.03,18.94,19.12,20.24,21.04,20.92,22.38,24.78,28.89,32.74,41.28,46.96,52.4,67.72,74.76,40.65,32.55,30.87,30.19,24.03,25.11,24.01
"282","HB_HOUSTON",2016-10-08,25.43,23.72,18.12,17.52,18.55,18.7,20.12,20.26,23.07,25.94,30.48,34.31,42.99,45,49.19,66.98,72.1,37.92,29.57,31.98,29.09,25.49,25.28,22.07
"283","HB_HOUSTON",2016-10-09,19.67,18.81,17.77,16.52,16.25,16.55,17.45,17.93,18.56,20.71,23.31,25.96,27.43,29.53,34.2,44.47,53.04,32.9,26.55,25.61,24.73,23.56,21.42,19.22
"284","HB_HOUSTON",2016-10-10,17.32,15.04,12,14.49,13.71,17.53,18.64,19.7,20.31,21.54,22.05,23.54,25.34,33.01,43,61.19,49.62,34.89,25.4,25.4,24.73,22.57,21.83,18.08
"285","HB_HOUSTON",2016-10-11,14.26,10.68,9.85,9.9,13.4,17.58,20.86,20.8,21.74,23.18,22.37,23.89,29.83,38.3,39.28,44.3,48.53,37.17,31.22,31.57,26,24.97,23.72,20.23
"286","HB_HOUSTON",2016-10-12,21.14,17.48,16.13,16.29,18.34,21.33,25.55,24.57,25.68,28.57,33.64,34.34,40.58,61.92,69.46,119.18,89.22,45,37.35,36.84,32.16,34.94,26.28,23.95
"287","HB_HOUSTON",2016-10-13,23.28,20.61,19.73,19.5,20.04,23.62,23.01,21.95,23.6,25.01,26.67,31.23,38.27,50.77,55.69,65.09,62.68,34.57,29.96,31.49,30.57,23.45,29.57,23.8
"288","HB_HOUSTON",2016-10-14,23.49,20.3,18.6,18.17,18.94,20.91,24.23,22.91,23.52,24.94,28.54,31.25,36.62,41.96,52.36,55.14,57.15,35.5,30.35,30.12,27.14,25.02,27.74,21.86
"289","HB_HOUSTON",2016-10-15,23.43,18.14,13.85,12.87,12.55,7.79,16.95,17.73,20.89,24.62,27.28,31.18,37.32,44.09,52.89,63.56,66.49,40.19,33.11,32.82,27.12,25.21,28.36,23.73
"290","HB_HOUSTON",2016-10-16,26.09,21.32,18.34,17,16,16,16.89,17.51,19.65,24.44,26.76,29.55,35.07,42.39,50,65.3,74.92,42.87,33.48,34.01,33.97,27.79,30.11,22.99
"291","HB_HOUSTON",2016-10-17,23.4,19.92,17.52,17.54,17.99,21.57,24.79,23.76,24.41,25.18,26.54,31.32,36.44,48.73,63.73,81.63,84.81,43.8,38.72,31.5,31.63,25.65,29.02,22.59
"292","HB_HOUSTON",2016-10-18,23.99,18.5,17.5,17.74,19.19,23.49,25.5,24.27,25.46,27.13,34.89,40.81,50.85,84,136.12,227.99,284.79,59.85,45.6,38.96,35.87,31.66,28.88,24.13
"293","HB_HOUSTON",2016-10-19,22.76,20.84,19.65,18.96,19.19,21.96,25.02,24.53,25.81,26.52,34.56,37.88,43.65,53.35,65.08,107.55,106.3,41.85,33.38,33.01,30.12,26.51,26,22.59
"294","HB_HOUSTON",2016-10-20,22.56,21,19.14,17.67,18.2,20.39,26.61,25.32,26.04,26.09,26.47,29.67,38.74,49.07,45.76,44.68,44.59,34.26,31.63,30.93,26.08,24.27,23.92,21.39
"295","HB_HOUSTON",2016-10-21,19.58,18.18,17.68,17.69,18.32,20.73,27.5,23.97,22.93,25.96,24.86,25.75,29.6,38.39,38.91,45.29,39.64,31.81,27.13,26.13,23.61,22.6,21.83,20.1
"296","HB_HOUSTON",2016-10-22,12.36,9.17,8.4,8.57,9.8,14.08,18.16,19.39,20.91,20.7,21.79,23.31,25.7,26.76,27.95,30.93,29.32,25.92,24.88,24.52,23.37,20.26,17,9.06
"297","HB_HOUSTON",2016-10-23,7.08,6,5.72,6.18,7.07,9.87,15.61,16.88,20.37,19.32,20.85,23.25,23.78,29.07,37.02,44.81,35.74,28.86,28.99,26.68,24.33,23.37,19.77,19.15
"298","HB_HOUSTON",2016-10-24,17.48,17.01,16.8,16.83,17.49,18.41,24.55,21.66,20.31,22.16,25.76,28.96,30.96,41.4,57.61,50.57,46.47,35.22,32.34,30.43,28.98,24.06,21.92,19.28
"299","HB_HOUSTON",2016-10-25,17.68,15.32,15.01,15.02,16.38,17.91,21.39,20.3,19.89,21.09,23.54,25.67,30.82,36.77,38.73,48.81,42.48,33.15,32.03,32.77,24.63,22.03,20.08,18.04
"300","HB_HOUSTON",2016-10-26,16.03,14.48,13.5,13.65,15.15,17.62,21.45,20.09,20.43,21.77,23.21,24.7,28.54,34.59,35.92,47.07,59.39,34.24,32.48,29.83,26.63,22.47,20.5,19.6
"301","HB_HOUSTON",2016-10-27,17.66,17.65,16.98,17.02,17.27,17.98,21.66,19.3,20.78,21.89,22.79,25.23,28.22,34.79,36.09,47.22,45.52,31.43,28.54,26.8,24.84,22.01,19.79,18.24
"302","HB_HOUSTON",2016-10-28,17.42,15.14,13.67,13.2,14.98,16.92,19.98,19.15,19.38,20.19,22.57,23.44,26.13,31.37,37.14,46.74,45.81,31.24,29.83,26.18,24.9,21.41,19.55,17.35
"303","HB_HOUSTON",2016-10-29,16.2,11.22,9.21,7.72,6.59,11.04,11.84,16.1,17.45,19.89,21.35,24.03,24.93,27.37,34.25,46.65,37.61,30.17,26.01,24.07,23.01,23.92,19.58,18.37
"304","HB_HOUSTON",2016-10-30,16.27,15.17,13.89,12.23,14.42,15.31,14.44,15.29,17.38,19.08,22.25,25.02,28.59,34.28,49.02,55.01,54.98,41.35,28.74,26.24,23.74,23.2,20.57,18.8
"305","HB_HOUSTON",2016-10-31,17.17,14.65,10.09,10.78,12.36,16.38,20.45,19.26,19,20.25,21.36,25,26.25,31.12,41.37,49.5,45.89,33.15,27.07,24.67,24.84,20.78,20.67,17.8
"306","HB_HOUSTON",2016-11-01,15.73,10.75,7.31,9.56,13.46,16.46,21.61,20.46,20.19,21.84,25.98,26.36,30.09,36.2,43.02,50.83,44.13,33.46,27.9,28.26,27.45,20.95,20.5,18.92
"307","HB_HOUSTON",2016-11-02,16.82,15.95,15.29,15.11,15.72,17.57,21.85,20.2,19.5,22.85,23.88,26.48,25.57,32.3,34.02,46.2,51.52,37.22,32.34,26.47,25.6,27.87,22.89,19.5
"308","HB_HOUSTON",2016-11-03,17.98,16.73,16.05,15.71,16.87,18.17,24.09,21.46,20.36,22.3,22.13,24.13,28.8,31.81,33.85,37.88,35.18,30.41,28.03,25.93,25.18,25.09,20.17,18.4
"309","HB_HOUSTON",2016-11-04,16.33,15.2,14.29,13.92,14.82,16.58,22.27,20.09,19.74,21.2,21.04,25.27,28.28,33.66,40.67,46.73,40.38,31.63,27.56,25.24,24.12,21.95,19.58,19
"310","HB_HOUSTON",2016-11-05,16.61,14.71,14.18,13.72,13.73,14.03,16.46,17.03,18.92,21.47,23.11,23.82,25.97,28.52,40,41.59,32.97,27.64,24.27,22.87,21.02,19.39,17.64,15.13
"311","HB_HOUSTON",2016-11-06,14.83,12.13,12.47,11.2,11.61,13,14.97,15.07,16.1,17.46,18.27,18.93,20.71,23.98,26.01,27.59,24.78,40.76,29.4,22.47,20.33,19.08,19.09,15.7
"312","HB_HOUSTON",2016-11-07,14.29,9.64,9.01,10.68,12.99,16.1,21.47,18.26,20.28,22.83,22.42,23.98,27.51,30.39,34.51,33.29,27.56,45.62,30.22,22.9,22.39,22.11,18.52,16.13
"313","HB_HOUSTON",2016-11-08,15.17,14.52,13.36,13.07,12.87,15.31,22.5,20.3,20.89,26.72,24.88,26.74,27.68,30.04,28.65,28.74,25.5,41.46,35.2,23.86,22.67,22.06,19.53,16.35
"314","HB_HOUSTON",2016-11-09,14.53,13.58,11.66,11.76,13.52,15.55,19.94,18.86,20.71,20.12,21.93,19.51,18.86,22.05,21.88,21.9,22.89,37.87,35.1,23.86,21.69,19.83,17.9,16.52
"315","HB_HOUSTON",2016-11-10,15.17,14.66,14.35,14.28,14.44,15.67,22,19.98,21.23,22.39,22.29,21.24,21.04,24.89,22.62,22.73,20.6,29.02,26.12,21.73,19.39,18.53,16.77,16.38
"316","HB_HOUSTON",2016-11-11,12.55,11.53,11.07,11.35,12.19,15,18.56,17.09,16.8,17.71,18.84,17.98,20.24,18.14,18.12,18.08,19.46,27.24,19.56,18.13,17.38,16.47,15.26,14.65
"317","HB_HOUSTON",2016-11-12,12.89,11.94,11.35,10.88,11.94,12.32,13.7,14.76,16.48,17,16.97,17.49,19.79,18.92,18.98,18.5,18.65,22.81,22.02,19.56,18.83,16.42,14.95,14.31
"318","HB_HOUSTON",2016-11-13,13.98,12.52,12.07,11.61,11.76,11.8,12.56,13.08,14.14,15.5,15.43,16.22,15.96,16.66,15.93,16.12,16.44,25.64,20.73,16.07,16.52,16.35,14.05,12.8
"319","HB_HOUSTON",2016-11-14,7.6,6.67,5.57,9.02,9.99,15.36,17.76,16.75,16.33,16.78,17.7,19.2,19.35,20.06,19.96,19.39,18.31,30.74,23.82,18.25,17.91,16.66,14.96,13.57
"320","HB_HOUSTON",2016-11-15,13.8,12,10.65,11.24,12.11,14.54,18.11,17.28,17.54,18.85,20.78,21.99,21.6,23.34,26.84,34.62,26.52,39.6,24.87,21.28,19,18.12,15.91,14.76
"321","HB_HOUSTON",2016-11-16,13.98,9.29,6.76,6.72,9.91,15.32,20.32,17.51,17.85,18.28,19.8,19.84,20.03,23.96,24.09,27.67,25.84,34.29,23.05,20.76,19.59,20,18.93,14.57
"322","HB_HOUSTON",2016-11-17,5.17,4.47,3.54,4.35,4.03,14.54,20.22,16.05,16.45,18.09,19.65,20.73,23.73,27.32,32.1,33.64,35.58,46.41,29.54,23.74,21.1,20.24,18.22,16.5
"323","HB_HOUSTON",2016-11-18,13.52,10,8.1,10.48,7.51,14.71,20.83,17.77,18.02,19.84,23.26,24.14,25.23,27.26,27.42,24.63,22.51,35.24,22.24,19.69,19.66,18.02,17.31,15.52
"324","HB_HOUSTON",2016-11-19,15.52,14.99,15.45,15.29,15.59,16.73,18.78,21.07,22.73,26.99,24.92,21.11,18.89,17.81,17.75,17.72,19.7,32.66,27.82,22.23,22.09,19.82,17.66,17.63
"325","HB_HOUSTON",2016-11-20,17.62,17.29,16.95,17.01,17.32,17.35,23.24,24.96,28.49,25.27,23.54,18.21,17.68,17.05,17.01,16.14,16.12,21.34,19.8,20.22,19.68,18.71,16.73,14.74
"326","HB_HOUSTON",2016-11-21,12.67,12.05,13.2,14.82,16.54,17.16,26.92,21.83,24.93,24.94,25.7,21.89,21.99,22.12,20.77,20.73,24.32,28.98,22.28,21.5,21.02,17.87,16.31,10.24
"327","HB_HOUSTON",2016-11-22,4.68,4.93,5.36,7.08,10.08,15.51,21.39,20.52,21.39,24.55,28.14,32.08,32.68,34.45,36.44,36.38,35.13,51.61,26.83,23.03,23.42,21.73,20.29,18.31
"328","HB_HOUSTON",2016-11-23,13.8,10.09,9.55,12.8,16.36,18.07,21.7,20.16,22.07,23.24,23.99,24.46,23.19,24.18,24.37,23.22,28.07,39.97,33.41,24.34,23.4,20.97,19.11,18.03
"329","HB_HOUSTON",2016-11-24,17.64,16.59,15.72,15.34,15.3,16.04,16.98,18.8,19.84,22.94,23.28,28.65,23.52,22.99,22.85,22.34,22.12,28.28,26.93,22.8,21.03,21.34,18.38,17.64
"330","HB_HOUSTON",2016-11-25,17.17,15.42,14.14,14.39,15.06,16.38,18.8,19.33,20.34,21.99,23.02,22.42,21.48,21.46,21.37,21.36,23.45,35.83,28.14,24.46,22.82,22.09,19.82,18.57
"331","HB_HOUSTON",2016-11-26,17.51,16.44,16.37,16.08,16.08,16.74,18.26,18.95,20.21,23.3,23.52,22.4,22.11,20.47,19.67,20.78,20.19,30.57,22.36,20.61,19.55,18.61,14.06,9.96
"332","HB_HOUSTON",2016-11-27,6.37,4.13,3.38,3.18,3.05,3.95,8.21,8.15,14.53,17.56,18.05,19.23,20.12,20.26,20.33,20.11,19.45,28.11,25.4,22.24,19.41,19.21,17,14.62
"333","HB_HOUSTON",2016-11-28,7.98,5.85,5.11,5.03,6.03,10.17,21.47,23.65,21.6,22.38,23.24,27.53,35.2,37.65,41.21,21.11,20.79,32.19,23.3,21.53,21.31,21.95,19.32,16.34
"334","HB_HOUSTON",2016-11-29,8.23,6.37,6.71,8.19,13.05,16.73,20.6,18.54,19,21.97,23.26,21.65,22.8,23.21,23.17,23.5,26.66,45.45,26.69,23.18,23.15,21.84,20.15,18.42
"335","HB_HOUSTON",2016-11-30,17.66,17,15.46,15.16,16.81,19.43,28.75,27.2,29.09,29.39,28.24,23.88,23.08,23.87,22,22.7,23.08,41.46,29.23,26.4,24.37,22.89,21.52,19.69
"336","HB_HOUSTON",2016-12-01,18.31,17.41,17.03,17.72,19.23,20.8,42.1,35.27,28.72,28.18,23.33,22.08,21.07,21.08,20.4,19.83,21.73,41.46,33.28,27.29,24.57,24.32,21.26,18.7
"337","HB_HOUSTON",2016-12-02,18.47,17.48,17.46,18.55,19.16,21.26,32.71,27.39,26.06,28.74,25.91,26.09,24.36,24.14,23.11,22.26,23.62,40.1,31.01,26.21,24.62,23.59,21.22,19.63
"338","HB_HOUSTON",2016-12-03,19.47,18.49,17.92,17.98,18.3,18.72,20,22.7,24.5,26.47,27.76,28.15,26.4,26.84,27.33,27.28,26.48,44.68,33.22,28.12,26.54,24.2,22.65,21.22
"339","HB_HOUSTON",2016-12-04,21.31,20.24,19.19,19,19.18,19.48,22.14,21.66,24.66,27.32,24.34,24.51,26.27,24.7,23.99,23.38,24.76,42.09,38.93,29.93,28,25.17,22.85,21.16
"340","HB_HOUSTON",2016-12-05,19.55,18.55,19.08,19.15,19.81,21.13,37.5,28.66,28.62,29.11,27.47,26.61,25.64,24.98,24.75,24.32,24.74,45,35,28.83,25.97,24.76,20.44,18.7
"341","HB_HOUSTON",2016-12-06,16.51,15.11,14.34,15.25,17.13,19.72,28.32,28.01,28,25.56,25.04,24.35,24.25,24.62,24.71,25.06,26.3,48.3,35.84,29.6,29.13,26.44,23.12,21.06
"342","HB_HOUSTON",2016-12-07,20.19,19.34,19.28,19.53,20.5,22.9,33.93,29.48,28.54,28.82,29.1,25.43,24.99,24.2,24.28,24.06,23.62,34.79,30.66,28.16,24.99,23.19,18.4,13.44
"343","HB_HOUSTON",2016-12-08,17.67,17.34,17.3,17.6,19.7,25.74,32.63,29.05,31,31.82,29.2,28.4,28.5,29.47,28.13,27.23,30.03,67.05,68.3,47.58,49.87,42.01,30.7,28.77
"344","HB_HOUSTON",2016-12-09,23.95,23.7,23.56,24.94,26.43,37.66,101.75,88.05,42.89,37.97,36.78,33.57,31.38,29.49,28.22,27.28,27.74,42.93,38.61,31.88,29.33,29.97,26.09,25.91
"345","HB_HOUSTON",2016-12-10,23.3,22.85,22.35,22.71,23.08,24.63,30.92,35.36,37.26,31.58,28,27.43,27.14,24.49,23.02,20.71,21.84,39.23,25.26,24.76,24.11,23.2,19.88,17.88
"346","HB_HOUSTON",2016-12-11,13.8,8.78,8.58,8.45,8.8,10.06,13.55,16.33,18.61,20.12,21.11,20.89,21.16,21.03,21.3,22.21,24.16,45.55,28.94,25.43,23.97,26.02,23.29,20.96
"347","HB_HOUSTON",2016-12-12,20.14,20.06,20.15,20.15,21.5,25.92,35.23,29.61,30.81,31.5,31,30.09,30.27,29.75,29.09,28.42,29.13,50.67,43.05,31.68,27.54,26.39,25.43,20.82
"348","HB_HOUSTON",2016-12-13,17.59,16.83,16.68,17.34,18.92,20.99,32.25,29.02,27.99,30.17,29.84,29.56,29.28,30.17,31.26,32.18,33.17,64.57,32.32,29.85,28.55,27.3,23.67,21.41
"349","HB_HOUSTON",2016-12-14,20.01,19.77,19.45,19.73,20.18,23.44,40.75,31.14,31,30.31,28.18,26.03,24.71,24.47,23.92,23.7,24.34,38.2,30.52,28.51,26.94,24.71,22.58,20.46
"350","HB_HOUSTON",2016-12-15,20.14,20.01,20.04,20.11,21.95,24.51,44.99,35.01,31.7,30.73,25.76,25.08,25,23.66,23.08,22.8,23.11,34.23,32.39,28.3,26.66,24.08,20.8,18.86
"351","HB_HOUSTON",2016-12-16,11.93,10.41,8.85,7.98,10.81,17.7,33,26.71,25.57,26.18,25.64,24.73,24.12,24.33,20.85,21.41,22.86,44.87,31.88,29.43,25.94,21.39,15.93,9.54
"352","HB_HOUSTON",2016-12-17,6.25,5.01,4.79,4.53,5.25,5.42,12.89,17.64,20.01,21.79,21.86,22.53,24.28,24.51,24.2,23,22.71,27.55,24.71,23.41,25.56,29.01,22,22.24
"353","HB_HOUSTON",2016-12-18,18.03,18.26,18.5,19.66,19.78,21.5,27.38,27.44,28.32,32.39,33,32.83,30.43,28.98,28.99,27.5,32.26,53.1,58.52,57.63,58.7,43.78,28.19,27.96
"354","HB_HOUSTON",2016-12-19,24.47,24.01,24.15,25.12,29.66,41.3,126.84,142.55,80,73.04,51.78,39.86,30.29,27.42,25.54,25.47,26.94,50.15,54.93,47.04,41.17,34.73,25.25,23.77
"355","HB_HOUSTON",2016-12-20,21.53,21.11,20.41,21.13,22.74,27.09,42.87,41.82,33.15,30.53,29.22,28,26.87,24.3,23.92,23.49,24.22,33.59,35.97,31.06,29.11,26.38,23.62,21.34
"356","HB_HOUSTON",2016-12-21,20.23,19.82,19.21,19.54,20.09,23.19,36.61,34.11,27.65,26.9,24.44,23.78,23.45,22.7,21.6,21.86,21.36,31.08,27.02,23.8,23.18,22.09,19.13,17.59
"357","HB_HOUSTON",2016-12-22,16.7,16.3,16.98,17.6,18.19,21.85,32.95,25.67,26.74,28.76,26.67,24.84,23.9,23.94,23.27,23.24,24.02,44.78,35.54,30.05,27.64,26.07,23.31,21.77
"358","HB_HOUSTON",2016-12-23,20.23,19.75,19,18.93,18.8,20.42,34.37,29.61,26.35,25.16,23.93,23.48,23.22,23.01,22.59,21.63,21.69,25.1,23.28,23.22,22.36,21.79,19.48,17.67
"359","HB_HOUSTON",2016-12-24,16.62,16.35,15.73,16.52,17.23,17.81,20,22.3,23.37,24.05,28.42,23.9,23.59,23.11,22.41,21.11,19.95,23.85,21.38,17.88,13.19,7.32,5.53,4.49
"360","HB_HOUSTON",2016-12-25,4.87,4.38,4.39,3,2.92,3.21,6.48,8.17,16.53,19.6,21.65,22.59,23.28,22.63,24.03,24.33,23.91,48.36,38.46,28.02,25,23.69,20.81,19.95
"361","HB_HOUSTON",2016-12-26,14.97,8.5,6.23,7,10.96,13,15.82,17.93,22.16,23.86,25.27,29.07,29.82,29.02,30.94,25.23,24.84,46.97,48.02,32.29,29.01,24.69,22.55,20.22
"362","HB_HOUSTON",2016-12-27,19.96,19.6,19.07,19.02,19.95,22.81,28.3,26.18,28.69,30.66,31.54,37.89,31.95,27.98,27.26,23.8,24.23,57,47.5,31.57,28.12,24.82,20.91,17.74
"363","HB_HOUSTON",2016-12-28,15.98,13.64,12.07,12.29,14.09,17.61,24.2,23.79,24.7,27.31,29.99,30.36,32.05,29.55,29.8,30.74,31.87,48.79,45.19,33.04,30.94,26.03,22.05,17.97
"364","HB_HOUSTON",2016-12-29,16.61,13.53,12,11.88,13.49,17,22.56,24.16,25.15,24.55,24.95,24.5,24.53,24.62,24.02,24.59,25.2,41.5,40.33,31.04,26.69,26.09,24.7,21.59
"365","HB_HOUSTON",2016-12-30,21.89,20.64,19.6,18.98,20.42,22.79,32.5,31.78,28.46,31.34,25.53,24.52,22.73,21.27,20.07,19.22,20.34,43.84,27.11,24.91,22.87,20.38,16.52,14.97
"366","HB_HOUSTON",2016-12-31,6.79,5.37,5.38,5.56,8.85,12.79,20,24.09,23.69,25.01,27.58,30.93,26.28,25.22,26.18,26.88,26.74,44.4,45.24,28.57,27.05,25.79,24.57,24.97
"367","HB_HOUSTON",2017-01-01,23.23,21.82,20.16,20,20.24,21.45,24.35,24.06,25.48,24.94,28,25.06,23.71,23.25,24,23.22,22.94,41.99,34.99,24.97,24.28,23.22,20.19,17.92
"368","HB_HOUSTON",2017-01-02,17.52,17.52,17.1,16.57,15.82,15.82,15.92,17.09,18.53,21.8,23.52,24.07,24.8,24.14,24.89,22.34,23.4,50.8,30.09,24.74,24.02,22.93,18.37,14.79
"369","HB_HOUSTON",2017-01-03,11.12,9.17,9.68,13.02,16.96,21.02,24.37,23.99,26.69,25,25.08,25.13,25.73,25.2,25.32,24.43,24.3,40.95,36.92,27.37,25.22,24.97,24.33,21.93
"370","HB_HOUSTON",2017-01-04,21.45,20.88,21.02,22.28,22.87,24.75,44.1,35.06,30.05,28.2,26.03,24.86,24.81,23.64,22.92,22.82,23.76,34.2,30.72,27.18,23.97,23.3,22.48,20.36
"371","HB_HOUSTON",2017-01-05,19.78,19.57,19.5,20.03,20.98,22.84,33.91,31.08,26.34,25.12,23.62,23.38,23.03,22.98,22.44,21.99,22.57,33.86,29.68,26.78,25.56,23.61,23.11,23.44
"372","HB_HOUSTON",2017-01-06,20.38,20.04,20.08,20.59,21.12,24.37,33.69,35.59,31.24,29.4,33.93,29.78,27.09,25.58,24.87,24.11,25.66,55.11,48.68,38.47,34.94,32.39,26.65,24.13
"373","HB_HOUSTON",2017-01-07,27.84,26.84,26.62,26.86,27.87,34.1,43.93,48.08,96.21,74.8,43.62,34.86,27,23.25,22.23,21.66,23.21,34.25,39.04,32.92,28.05,26.95,24.41,21.98
"374","HB_HOUSTON",2017-01-08,21.29,20.99,20.85,20.76,21.37,22.86,26.43,39.03,33.09,28.6,24.3,23.15,22.84,20.7,19.6,19.3,19.56,29.57,29.17,27.22,24.68,23.3,21.1,20.03
"375","HB_HOUSTON",2017-01-09,19.56,19.24,19.13,19.18,18.99,22.76,36.11,39.5,26.84,24.42,23.92,23.4,23.49,23.46,22.64,21.77,21.57,33.97,28.89,24.98,22.43,20.03,14.79,9.71
"376","HB_HOUSTON",2017-01-10,8.22,7.83,6.95,7.35,9.38,17.12,26.17,39.73,33.98,36.76,31.36,26.88,26.53,28.66,27.64,28.77,33.53,55.11,43.53,30.07,26.56,27.56,21.96,20.6
"377","HB_HOUSTON",2017-01-11,4.81,3.31,3.16,3.03,3.71,7.9,25.94,24.28,24.5,24.51,25.59,27.49,26.09,26.84,28.45,29.18,30.94,42.08,35.72,23.09,22.07,19.78,17.62,9.61
"378","HB_HOUSTON",2017-01-12,6.68,5.58,6.1,9.53,14.87,18.62,23.46,24.99,24.71,24.74,24.27,27.63,25.18,27.66,25.59,25.75,26.67,45.77,33.31,24.47,23.43,22,21.47,20.54
"379","HB_HOUSTON",2017-01-13,19.55,18.53,18.13,18.04,18.58,21.01,24.94,24.59,23.63,24.28,26.33,25.93,25.76,26.75,26.56,25.14,25.82,39.56,31.4,25.2,23.82,23.52,21.7,21.44
"380","HB_HOUSTON",2017-01-14,25.9,22.27,21.13,20.5,20.5,20.75,22.15,22.96,24.42,26.98,29.84,31.98,27.64,24.15,24.55,23.23,23.98,37.06,32.08,25.92,24.92,21.7,21.71,22.2
"381","HB_HOUSTON",2017-01-15,22.83,19.83,17.43,17.26,16.96,15.67,19.57,20.01,21.7,22.91,23.06,23.68,23.34,23.16,23.18,23.3,22.15,33.79,49.18,25.33,23.9,21.7,19.35,17.71
"382","HB_HOUSTON",2017-01-16,23.05,19.99,18.7,18.99,20.6,21.78,24.18,24.75,25.05,25.25,24.68,25.12,25.59,25.45,25.57,25.11,26.01,39.38,39.96,29,26.44,25.04,23.77,22.71
"383","HB_HOUSTON",2017-01-17,20.46,19.79,19.68,19.4,19.83,21.42,25.89,26.01,26.14,25.21,26.68,26.68,27.06,27.23,27.94,27.92,27.98,43.64,47.56,35.5,32.01,25.83,24.36,23.53
"384","HB_HOUSTON",2017-01-18,21.68,20.44,20.29,20.41,21.08,23.37,30.54,28.67,28.29,28.52,29.62,29.58,29.11,28.7,27.75,26.77,26.52,35.88,32.84,26.55,25.63,24.86,23.04,21.54
"385","HB_HOUSTON",2017-01-19,20.14,17.37,16.88,16.79,18.54,22.88,33.75,33.14,30.71,28.57,28.44,28.49,30.24,30.25,31.57,31.89,30.98,48.98,43.26,29.64,28.24,25.24,20.15,13.28
"386","HB_HOUSTON",2017-01-20,11.95,8.93,7.81,8.19,13.32,18.84,29.02,25.99,25.86,27.61,28.68,29.81,32.1,33.27,34.77,34.75,34,49.36,40.14,25.83,24.4,23.42,19.69,16.97
"387","HB_HOUSTON",2017-01-21,17.88,16.64,14.26,13.75,15.27,17.36,20.46,21.68,21.68,23.36,24.75,25.54,26.12,27.24,26.35,25.66,25.3,33.91,30.69,23.93,22.68,21.65,18.82,16.83
"388","HB_HOUSTON",2017-01-22,14.55,10.29,8.43,8.78,8.61,8.8,19.39,20.35,21.44,22.91,23.84,23.78,23.78,23.98,23.33,23.19,23.84,34.86,38.65,29.88,26.03,25,23.59,23.11
"389","HB_HOUSTON",2017-01-23,21.42,19.97,20.1,19.69,20.5,25,41.52,39.89,31.66,28.52,26.65,25.66,26.63,26.52,29.34,27.32,26.46,39.9,33.2,26.13,24.7,24.59,18.44,15.8
"390","HB_HOUSTON",2017-01-24,5.9,5.58,5.86,5.8,6.6,15.06,25.17,24.98,23.72,25.87,23.82,25.69,28.34,31.03,36.29,35.56,34.97,49.19,32.99,26.36,24.06,22.29,19.56,18.06
"391","HB_HOUSTON",2017-01-25,17.23,17.04,17.3,17.85,19.24,20.14,33.45,29.49,27.26,27.58,25.61,26.77,25.02,25.19,24.26,24.33,24.16,39.02,36.01,27.52,27.49,24.87,23,22.8
"392","HB_HOUSTON",2017-01-26,19.53,19.22,19.23,19.54,20.32,23,42.64,35.03,29.8,25.77,25,23.9,23.41,22.78,22.28,22,22.09,28.74,31.96,29.68,28.03,25.29,23.01,22.73
"393","HB_HOUSTON",2017-01-27,21.54,20.82,20.77,21.34,22.23,23.36,44.05,33.56,27.8,25.99,24.71,24.37,24.92,24.27,23.07,21.36,21.35,26.84,28.92,27.21,25.05,23.7,23.41,22.5
"394","HB_HOUSTON",2017-01-28,22.92,21.38,20.52,20.45,20.44,22.99,26.99,31.29,30.48,30.6,29.16,25.02,22.16,21.15,20.4,19.95,20.29,30.73,34.85,28.07,24.73,23.96,22.85,22.93
"395","HB_HOUSTON",2017-01-29,20.07,19.21,19.28,19.5,19.5,20.26,26.32,31.05,31.63,28.32,26.6,22.24,20.96,20.21,19.75,19.61,20.05,30.24,37.45,28.08,25.45,24.86,22.07,22.11
"396","HB_HOUSTON",2017-01-30,19.19,18.89,19.11,19.63,20.28,22.96,38.15,35.53,28.55,27.11,24.06,22.55,23.96,23.32,23.43,22.92,22.54,28.34,30.73,25.21,23.83,23.8,18.61,17.1
"397","HB_HOUSTON",2017-01-31,14.96,14.72,15.31,17.4,18.56,21.93,33.46,26.21,23.84,24.69,23.56,24.34,24.57,25.91,26.33,23.9,25,36.37,32.55,23.73,24.81,24.08,19.15,17.72
"398","HB_HOUSTON",2017-02-01,12.24,11.11,12.01,15.08,17.15,19.47,28.19,24.62,24.2,25.45,25.92,29.29,30.81,33.7,36.22,34.97,33.3,40.3,43.81,30.04,25.66,24.45,21.32,20.29
"399","HB_HOUSTON",2017-02-02,17.92,17.49,17.48,17.75,18.67,20.38,26.84,26.82,26.45,27.46,28.41,30.05,31.18,33.3,33.69,32.71,33.42,40.17,49.17,34.43,29.94,28.13,24.15,22.81
"400","HB_HOUSTON",2017-02-03,21.13,20.6,18.76,18.81,19.55,24.88,46.27,37.29,35.34,28.88,25.31,24.37,24.38,24.67,24.39,23.34,23.43,36.24,42.96,26.63,25.14,25.04,23.13,22.64
"401","HB_HOUSTON",2017-02-04,21.62,20.5,20.5,20.07,20.08,20.97,23.1,24.89,27.64,34.49,27.22,25.51,25.17,24.66,23,22.42,22.43,30.04,33.3,24.35,23.91,22.83,19.3,18.16
"402","HB_HOUSTON",2017-02-05,15.55,13.43,12.45,13.01,16.22,16.61,20,20.04,21.54,22.98,22.87,24.17,24.63,22.84,22.17,22.02,20.53,26.9,40.75,24.33,21.8,22.17,17.06,8.9
"403","HB_HOUSTON",2017-02-06,5.5,4.79,4.52,4.87,5.02,10.82,22.65,26.48,25.85,26.7,25.94,27.7,30.86,31.58,34.43,35,33.1,40.52,53.75,30.57,27.56,24.91,18.65,9.47
"404","HB_HOUSTON",2017-02-07,8.11,6.04,5.3,6.98,8.41,15.64,25.68,24.02,25.84,27.68,28.87,31.12,32.74,37.72,39.38,43.19,39.02,42.24,43.64,32.12,28.47,27.06,19.69,16.91
"405","HB_HOUSTON",2017-02-08,14.9,12,9.54,9.57,12.72,17.44,24.48,23.61,23.59,24.36,27.4,32.06,34.34,42.35,50.56,58.68,48.66,44.8,45.74,32.74,30.13,25.28,20.76,20.55
"406","HB_HOUSTON",2017-02-09,17.76,17.12,17.12,17.16,17.83,20.42,33.45,28.94,27,24.71,23.83,24.06,25.32,25.34,26.32,25.91,25.39,26.22,32.81,27,24.58,22.68,15.15,12.6
"407","HB_HOUSTON",2017-02-10,10.23,9.81,8.36,9.41,10.41,15.55,23.72,23.62,23.54,25.43,26.36,26.63,29.44,30.01,32.09,32.32,30.3,34.94,36.42,29.44,25.74,25.98,15.82,12.61
"408","HB_HOUSTON",2017-02-11,14.67,9.63,7.37,8.92,9.37,13.88,19.09,21.14,22.26,23.45,24.35,25.06,28.04,35.28,36.17,36.59,34.52,38.1,40.73,26.66,24.51,24.6,21.17,15.98
"409","HB_HOUSTON",2017-02-12,15.67,13.22,7.85,7.57,5.98,7.6,15.41,16.32,19.98,21.69,24.71,23.94,29.62,33.53,38.97,35.92,32.91,36.39,39.14,31.73,26.25,25.32,20.65,17.62
"410","HB_HOUSTON",2017-02-13,16.79,16.14,15.87,16.59,17.67,19.99,23.75,22,22.72,23.34,23.55,22.94,23.56,23.8,24.55,23.79,23.62,24.6,40.31,27.74,23.49,23.22,20.44,20.11
"411","HB_HOUSTON",2017-02-14,17.75,16.78,15.84,16.49,17.14,19.33,24.02,24.38,22.64,23.31,24.29,23.83,23.2,25.17,24.73,24.84,24.72,24.42,35.47,25.56,23.87,22.36,19.41,20.08
"412","HB_HOUSTON",2017-02-15,18.11,17.6,17.55,17.53,18.07,19.93,28.45,27.67,24.74,24.09,23.13,23.39,22.88,21.41,20.54,20.17,20.9,22.56,38,28.23,25.65,23.48,21.42,19.98
"413","HB_HOUSTON",2017-02-16,18.92,17.76,17.53,17.47,18.05,20.95,35.72,31.98,24.45,23.24,22.79,22.63,22.95,22.53,22.25,21.5,20.24,21.42,26.33,21.86,22.15,21.91,16.19,13.83
"414","HB_HOUSTON",2017-02-17,13.04,12.4,11.44,11.32,13.1,15.63,25.94,25.28,25.43,24.97,24.53,23.37,23.3,24.03,23.88,22.15,22.2,23.26,30.74,23.49,23.02,21.77,17.1,14.64
"415","HB_HOUSTON",2017-02-18,15.28,14.77,15.13,14.96,17.11,18.74,18.97,20.56,21.61,23.46,25.31,25.48,28.66,36.04,36.14,31.42,29.04,25.07,29.14,22.41,23.43,21.48,19.17,15.63
"416","HB_HOUSTON",2017-02-19,14.92,12.77,10.4,11.09,12.85,12.97,17.44,18.17,19.86,19.99,21.22,21.58,22.25,22.85,23.93,23.7,24.26,25.16,46.55,23.37,22.35,21.53,18.94,17.77
"417","HB_HOUSTON",2017-02-20,17.61,16.22,16.07,16.16,17.55,18.57,22,21.59,22.12,24.16,22.98,23.61,24.74,25.81,27.18,25.62,24.86,29.52,55.44,35.5,24.84,22.18,21,19.19
"418","HB_HOUSTON",2017-02-21,16.87,14.83,13.62,11.82,15.47,17.6,22.51,20.07,20,20.51,21.02,20,21.15,22.08,22.6,23.02,23.12,26.32,46.11,25.27,23.15,21.67,19.83,18.28
"419","HB_HOUSTON",2017-02-22,17.92,17.17,16.37,16.43,16.38,18.67,24.23,20.89,20.54,20.86,21.62,22.22,22.92,25.19,26.51,34.87,27.81,27.01,34.08,23.73,23.28,23.63,16.34,13.96
"420","HB_HOUSTON",2017-02-23,9.94,6.51,5.35,5.46,6.12,11.18,21.91,20.89,21.94,21.82,27.79,24.72,25.46,31.83,33.87,36.31,35.46,29.41,33.63,22.91,25.23,21.4,16.64,11.8
"421","HB_HOUSTON",2017-02-24,13.64,9.54,6.93,11.05,15.1,17.03,23.2,21.99,23.45,23.55,26.93,29.09,30.63,36.47,45.99,42.2,42.76,35.41,37.58,26.91,24.98,24.99,20.26,18.89
"422","HB_HOUSTON",2017-02-25,15.74,15.24,15.18,15.37,15.8,17.14,19.86,21.68,24.64,28.46,25,22.1,20.23,19.73,19.37,19.65,19.12,18.68,22.2,19.64,21.85,20.03,14.34,11.95
"423","HB_HOUSTON",2017-02-26,9.29,8.54,8.75,9.45,10.05,12.57,18.6,17.89,19.72,19.86,21.03,20.54,20.6,19.29,19.35,20.53,19.95,20.17,32.01,21.84,21.36,19.54,17.37,16.32
"424","HB_HOUSTON",2017-02-27,16.4,13.41,13.03,12.8,15.1,17.01,21.2,21.45,23.89,24.37,24.6,27.44,29.34,36.09,41.21,46.56,47.59,35.26,38.6,27.13,26.43,22.13,19.45,15.94
"425","HB_HOUSTON",2017-02-28,14.72,10.44,7.68,6.75,11.16,14.79,21.2,20.86,20.15,24.73,24.79,30.25,33.28,40.46,49.69,52.58,52.24,41.39,38.99,30.3,29.05,27.07,18.52,17.37
"426","HB_HOUSTON",2017-03-01,15.65,15.09,13.11,13.78,15.28,18.16,27.76,26.89,28.24,29.03,31.76,35.12,38.26,46.5,49.76,45,38.07,29.29,36.16,26.59,24.87,21.32,19.12,17.88
"427","HB_HOUSTON",2017-03-02,16.21,15.19,14.92,15.5,16.64,18.5,33.74,24.66,23,23.81,23.68,22.85,20.61,21.69,21.94,23.1,22.38,22.5,29.89,23.99,22.13,20.11,19.24,17.95
"428","HB_HOUSTON",2017-03-03,16.55,16.41,16.09,16.2,16.99,19.87,35.53,33.17,25.72,23.93,21.69,22.02,22.01,20.84,22.38,22.62,22.78,21.87,26.96,22.58,21.52,20.55,17.93,16.97
"429","HB_HOUSTON",2017-03-04,14.29,13.49,13.14,13.31,14.35,15.55,17.21,17.61,19.93,22.72,24.15,24.89,24.45,23.65,23.19,22.42,21.57,23.5,29.02,26.21,23.29,20.52,18.72,16.91
"430","HB_HOUSTON",2017-03-05,14.09,13.45,13.39,13.34,13.79,14.3,16.19,17.47,19.42,22.17,25.41,25.85,25.59,25.81,26.15,25.96,25.93,26.09,31.59,28.53,29.1,24.93,20.02,17.08
"431","HB_HOUSTON",2017-03-06,13.42,12.67,8.61,10.36,12.99,15.75,22.63,20.88,22.31,25.01,26.63,31.74,33.36,37.12,43.13,42.87,44.24,38.12,54.07,34.24,29.88,26.11,19.85,19.35
"432","HB_HOUSTON",2017-03-07,18.65,17.05,15.26,15.51,16.96,18.26,24.63,23.05,24.99,26.53,28.06,31.41,32.66,38.01,45,45.28,41.07,33.98,45.95,29.25,27.73,24.76,22.7,19.36
"433","HB_HOUSTON",2017-03-08,17.17,15.8,15.29,15.44,15.77,18.62,21.72,20.91,21.52,23.71,24.3,24.66,24.1,24.74,25.37,25.3,25.22,26,36.58,28.21,27.09,25.11,21.55,20.91
"434","HB_HOUSTON",2017-03-09,18.13,17.81,16.49,17.02,17.84,19.02,22.46,22.2,22.72,24.77,26.75,28.97,28.94,32.82,33.91,36.44,36.41,32.13,43.52,31.38,27.75,24.9,24.14,22.52
"435","HB_HOUSTON",2017-03-10,20.16,18.37,16.35,18.9,18.93,20.99,27.02,26.06,26.08,29.67,29.97,32.27,34.32,36.06,37.02,34.01,32.98,30.13,37.02,29.99,28.63,25.74,24.41,23.4
"436","HB_HOUSTON",2017-03-11,24.38,21.92,18.34,17.74,17.32,20.2,22.55,22.37,24.23,29.27,31.43,33.24,33.67,32.46,30.39,29.83,29.73,29.09,32.22,29.74,28.04,28.03,22.59,22.44
"437","HB_HOUSTON",2017-03-12,21.59,19.5,NA,16.85,16.98,18.23,21.48,23.09,23.37,25.8,32.27,30,27.57,24.96,23.95,23.98,22.32,23.25,24.89,29.95,26.26,24.37,21.38,21.86
"438","HB_HOUSTON",2017-03-13,16.65,16.82,16.77,17.49,19.18,23.81,31.55,31.66,28.71,26.51,27.19,27.03,26.59,27.57,28.84,28.98,29.67,30.34,32.7,45.02,33.24,25.01,23.32,21.36
"439","HB_HOUSTON",2017-03-14,18.71,17.61,17.99,17.58,18.84,20.7,29.98,29.5,25.52,24,23.18,23.53,22.96,25.86,26.08,26.75,28.61,29.08,31.11,37.04,27.91,25.25,21.3,21.78
"440","HB_HOUSTON",2017-03-15,18.61,17.72,17.76,17.99,19.41,21.96,31.07,27.54,26.46,26.7,25.31,25.06,22.69,24.12,23.53,22.21,21.68,23.56,25.66,24.69,27.88,24.53,21.64,19.37
"441","HB_HOUSTON",2017-03-16,18.85,16.12,16.14,16.51,19.8,21.02,24.73,25.82,22.78,22.84,24.73,25.9,26.4,28.1,28.08,29.04,29.87,27.8,26.63,27.64,28.69,25.18,21.12,18.78
"442","HB_HOUSTON",2017-03-17,15.11,13.67,10.68,10.75,11.88,16.29,22.66,24.1,24.04,25,24.33,24.81,25.84,29.75,34.59,39.08,41.51,34.11,29.7,32.13,27,27.75,23.11,21.25
"443","HB_HOUSTON",2017-03-18,20.69,18.2,17.03,17.24,17.56,18.61,22.3,22.68,23.88,28.2,30.72,32.39,32.71,40.69,45.82,50.69,51.16,41.08,33.81,34.41,30.69,27.72,25.18,22.86
"444","HB_HOUSTON",2017-03-19,17.51,16.54,13.35,13.24,12.01,15.71,21.23,19.96,21.82,22.53,24.67,27.37,27.61,30.34,38.64,49.57,54.67,43.8,33.05,31.08,31.21,28.76,21.75,19.5
"445","HB_HOUSTON",2017-03-20,19.31,15.44,14.61,13.22,16.16,21.05,25.02,23.22,23.89,25.14,26.86,32.36,36.49,43.09,52.76,70.26,74.78,59.02,40.82,40,39.47,33.53,26.46,21.18
"446","HB_HOUSTON",2017-03-21,18.5,16.79,13.09,14.27,16.35,19.08,23.42,23.58,23.73,24.32,25.76,30.77,37.02,50.07,61.22,82.33,94.39,61.65,43.2,42.4,41.81,34.67,28.72,22.22
"447","HB_HOUSTON",2017-03-22,21.3,20.47,19.5,19.29,19.03,20.41,25.23,23.58,24,27.1,29.55,30.38,37.34,42.35,49.59,69.29,63.17,34.83,31.27,32.32,32.87,24.85,21.89,22.18
"448","HB_HOUSTON",2017-03-23,16.71,13.25,8.09,8,6.85,13.69,19.59,26.53,29.03,23.06,24.62,26.05,28.5,38.27,47.42,60.52,60.05,46.29,36.12,36.31,33.49,25.67,22.88,20.93
"449","HB_HOUSTON",2017-03-24,19.38,18.28,17.6,16.8,17.72,19.61,24.03,24.09,22.01,24.16,27.9,27.31,30.54,37.09,45.78,51.85,45.9,34.22,29.5,30.09,30.18,27.26,26.86,25.13
"450","HB_HOUSTON",2017-03-25,23.39,21.54,19.44,17.73,20.04,19.97,23.93,22.46,23.9,27.12,29.8,31.11,34.73,41.3,54.29,72.29,80,60.82,38.43,36.36,33.67,27.6,24.21,22.16
"451","HB_HOUSTON",2017-03-26,21.26,19,15.65,12.11,14.64,15.29,18.49,18.19,20.26,22.14,24.33,25.81,28.13,32.34,42.04,57.06,67.27,52.23,39.27,39.21,39.26,34.01,26.92,24.19
"452","HB_HOUSTON",2017-03-27,22.5,19.47,18.56,18.26,18.68,24.18,29.35,33.15,31.06,31.24,33.27,39.37,50.77,72.41,100,120.79,144.16,99.25,55.46,47.32,43.13,35.53,35.55,27.67
"453","HB_HOUSTON",2017-03-28,27.35,21.85,19.41,19.25,22.17,23.97,27.32,25.61,26.9,28.29,29.74,35,44.22,59.91,86.27,100.61,110.48,76.18,48.71,49.44,44.52,34.72,32.48,27.19
"454","HB_HOUSTON",2017-03-29,24.74,22.36,19.71,19.63,20.42,21.57,26.95,26.7,24.09,25.59,26.34,29,34.41,49.02,67.01,81.21,80.37,39.21,30.4,33.11,32.87,29.82,26.53,24.27
"455","HB_HOUSTON",2017-03-30,24.44,20.32,19.09,17.17,17.94,19.16,22.3,22.13,22.57,23.26,23.76,25,26.41,30.73,38.09,47.43,58.27,45.44,36.43,36.69,34.5,25.57,23.95,22.76
"456","HB_HOUSTON",2017-03-31,18.91,15.7,13.26,12.05,13.32,19.71,22.9,22.43,22.71,24.47,24.28,25.92,31.3,40.72,48.77,71.71,72.65,51.77,36.28,34.16,36.3,30.25,24.57,23.99
"457","HB_HOUSTON",2017-04-01,19.77,18.87,17.69,17.63,17.25,19.13,21.9,21.17,24.38,27.02,31.05,36.84,48.4,63.42,89.78,100.66,102.72,69.16,39.83,39.13,43.08,34.14,31.31,27.02
"458","HB_HOUSTON",2017-04-02,31.21,22.61,20.2,20.05,20.17,23.48,22.75,21.99,23.55,25.41,28.85,30.1,29.33,35.95,39.4,45.81,47.39,43.2,37.29,40.33,48.67,31.86,28.71,25.92
"459","HB_HOUSTON",2017-04-03,23.91,21.2,19.44,19.29,19.87,22.33,22.32,22.3,24.6,24.52,23.93,28.53,34.43,39.62,63.25,114.51,142.25,104.59,43.01,38.07,36.26,28.38,27.14,24.89
"460","HB_HOUSTON",2017-04-04,24.43,19.87,16.57,15.98,18.01,22.1,23.64,24,24.72,25.22,24.14,35.01,36.1,47.68,63.04,107.41,86.9,63.35,39.88,35.53,37.5,27.95,26.53,24.17
"461","HB_HOUSTON",2017-04-05,23.97,21.76,18.89,19.01,17.89,20.79,30.13,24.53,24.14,24.59,25.7,25.25,26.7,28.72,28.67,31.52,31.15,31.86,28.15,39.48,42.88,28.6,24.84,22.82
"462","HB_HOUSTON",2017-04-06,24.65,20.69,20.15,20.07,20.71,24.27,27.55,26.94,25.72,25.85,27.02,27.07,30.57,33.71,39.73,46.91,54.65,43.56,32.44,31.83,37,29.49,25.91,23.42
"463","HB_HOUSTON",2017-04-07,22.85,18.49,15.84,16.22,17.37,23.5,31.53,26.82,27.46,29.42,28.98,33.64,38.24,39.75,49.06,56.26,60.87,49.69,36.91,36.3,39.28,31.77,27.81,24.39
"464","HB_HOUSTON",2017-04-08,22.79,22.53,20.66,19.5,19.39,20.31,23.7,23.18,24.25,26.66,29.65,32.33,33.08,37.24,45.47,58.17,56.3,37.69,32.21,32.78,35.57,30.21,27.8,23.79
"465","HB_HOUSTON",2017-04-09,22.2,22.07,19.51,17.82,15.76,19.01,20.57,20.82,23.84,26.06,28.31,30.12,32.28,34.35,43.08,56.32,54.92,39.5,34.91,38.33,45.57,32.08,27.38,24.41
"466","HB_HOUSTON",2017-04-10,23.99,22.18,20.37,20.24,20.69,23.99,28.8,24.76,25.53,26.37,27.65,30.13,34.27,39.78,49.18,58.94,50.85,37.04,30.59,34.88,37.64,27.95,27.83,24.6
"467","HB_HOUSTON",2017-04-11,25.92,20.85,19.16,19.25,20.46,23.24,28.49,24.56,25.74,26,26.52,28.49,29.46,33.33,38.43,43.97,45.5,27.64,26.63,27.18,33.42,26.2,24.81,23.42
"468","HB_HOUSTON",2017-04-12,20.86,19.22,18.82,19.03,19.84,21.2,28.56,24.99,26.21,27.29,26.87,28.52,31.61,35.01,39.19,44.58,45.57,33.38,26.12,29.11,38.77,25.54,22.81,21.08
"469","HB_HOUSTON",2017-04-13,18.79,17.55,17.41,17.39,17.59,20,25.55,24.18,25.15,28.23,28.19,33.59,31.86,32.46,37.57,45.29,44.12,32.59,26.53,26.41,30.39,24.03,21.71,19.96
"470","HB_HOUSTON",2017-04-14,19.82,17.38,15.11,14.53,15.32,18.26,22.42,20.99,22.11,22.91,25.15,25.49,26.72,29.22,36.22,39.67,40.68,32.41,25.97,25.21,25.73,23.87,22.85,20.23
"471","HB_HOUSTON",2017-04-15,19.12,16.16,13.05,12.49,10.77,16.53,23.6,21.66,24.27,23.78,27.37,33.78,34.25,33.95,36.79,44.1,46.5,36.31,28.98,28.58,29.78,26.52,22.16,21.72
"472","HB_HOUSTON",2017-04-16,19.01,17.23,16.68,16.21,16.59,18.19,21.46,19.96,21.44,25.75,24.36,26.03,28.24,28.91,36.22,39.84,44.33,34.37,26.97,28.49,35.06,26.15,23.31,22.29
"473","HB_HOUSTON",2017-04-17,20.14,18.82,18.6,18.6,18.84,21.68,24.28,23.99,30.66,33.66,34.72,31.79,36.75,41.14,47.64,55.14,55.4,38.95,34.78,32.76,36.31,27.37,29.65,26.72
"474","HB_HOUSTON",2017-04-18,20.89,19.27,17.99,17.91,18.86,21.65,24.92,25.63,26.06,28.33,29.58,33.88,36.28,40.13,47.76,54.55,60.16,41.1,34.56,30.08,33.44,32.99,26.51,24.11
"475","HB_HOUSTON",2017-04-19,22.76,20.3,18.24,18.25,18.88,23.2,25.04,23.57,23.76,29.35,29.52,33.12,33.26,35.59,44.97,50.18,51.5,38.46,32.97,33.15,33.99,29.69,28.66,23.32
"476","HB_HOUSTON",2017-04-20,26.73,21.35,19.54,19.98,20.57,25.13,28.6,23.8,24.68,25.44,32.01,32.98,38.71,45.41,59.32,75,79.3,47.62,39.03,36.42,34.02,30.58,27.76,23.89
"477","HB_HOUSTON",2017-04-21,24.43,23.71,22.37,22.45,23.1,25.62,25,24.33,23.9,29.8,34.24,37.17,40.82,41.9,54.3,67.28,67,41.94,33.72,30.87,32.53,29.65,30.81,25.15
"478","HB_HOUSTON",2017-04-22,26.82,22.11,20.01,19.5,18.89,21.67,22.28,22.93,28.02,25.9,31.99,34.99,39.35,40.49,40.15,42.6,42.5,34.99,27.96,26.17,30.44,26.47,24.77,21.83
"479","HB_HOUSTON",2017-04-23,20.93,20.69,19.51,19.22,19.54,20,21.41,21.62,23.81,24.91,24.9,25.16,28.07,29.13,31.09,33.46,34.9,34.13,31.37,30.55,39.53,31.04,25.75,22.1
"480","HB_HOUSTON",2017-04-24,23.91,21.46,20.44,20.22,22.36,25.22,28.98,32.1,30.76,30.72,30.5,28.04,34.37,37.95,43.7,50.22,56.59,44.02,40.91,35.97,35.58,25.58,25.47,27.41
"481","HB_HOUSTON",2017-04-25,21.51,19.26,17.57,18.44,21.3,27.64,24.17,23.82,25.4,29.74,30.7,34.21,35.1,40.28,52.23,63.03,68.01,54.04,40.85,35.69,38.09,39.91,35,26.77
"482","HB_HOUSTON",2017-04-26,28.29,26.05,24.84,24.36,26.38,34.7,34.74,35,36.69,40.34,42.48,50.12,58.17,68.62,105.55,123.32,126.71,86.72,43.92,42.02,49.31,29.75,30.63,23.57
"483","HB_HOUSTON",2017-04-27,20.24,17.46,15.56,13.11,14.23,18.08,27.96,23.22,23.94,24.05,25.69,25.99,32.44,37.54,45,63.63,75.1,61.83,42.57,38.2,39.46,31.51,30.62,25.01
"484","HB_HOUSTON",2017-04-28,23.84,22.22,19.32,19.14,20.38,24.51,24.98,22.18,23.77,28.71,36.55,37.61,42.34,51.87,73.24,98.44,104.72,67.61,46.77,40.05,38.27,34.43,39.24,32.45
"485","HB_HOUSTON",2017-04-29,31.28,26.05,24.11,22.69,22.75,25.99,26.79,26.81,36.47,45.57,48.8,50.57,53.72,67.2,80.62,90.56,76.02,53.06,53.52,45.96,42.55,39.54,36.12,30.92
"486","HB_HOUSTON",2017-04-30,32.25,27.75,21.28,17.94,13.38,16.73,21.93,22.28,22.56,26.15,28.32,31.03,36.28,37.41,42.45,39.84,42.93,40.13,35.49,38.9,48.89,37.52,25.81,24.99
"487","HB_HOUSTON",2017-05-01,22.63,20.81,19.43,18.44,19.96,22.58,23.17,22.23,22.93,22.79,22.82,28.9,30.94,39.95,48.25,63.29,71.42,55.82,31.17,29.22,28.2,24.5,25.92,20.69
"488","HB_HOUSTON",2017-05-02,17.44,16.63,15.4,14.67,16.63,18.51,22,25.53,23.5,24.7,27.85,31.4,36.4,41.96,52.11,61.64,66.34,43.1,38.86,30.46,36.15,26.16,27.31,23.04
"489","HB_HOUSTON",2017-05-03,22.72,20.79,20.1,19.67,20.92,24.84,27.23,25.39,25.96,28.03,34.26,36.74,38.38,43.55,52.97,60.79,60.08,42.42,32.24,27.96,36.69,30.82,30.36,23.48
"490","HB_HOUSTON",2017-05-04,17.14,16.38,13.89,11.73,14.18,17.7,23.29,26.76,24.53,26.59,25.65,25.84,29.53,28.81,36.47,37.99,45.25,40.85,31.25,37.1,52,34.31,26.49,24.3
"491","HB_HOUSTON",2017-05-05,20.72,19.95,19.34,19.09,19.4,20.64,24.01,22.94,23.45,24.88,28.75,26.3,27.92,33.57,39.28,53.02,63.1,58.78,36.94,30.78,30.12,24.83,25.01,23.21
"492","HB_HOUSTON",2017-05-06,21.18,18.46,16.46,11.58,14.96,16.92,25.19,23.67,25.91,25.21,27.19,28.16,35.29,37.36,46.55,65.09,81.52,58.43,42.4,36.88,35.22,30.56,24.54,22.83
"493","HB_HOUSTON",2017-05-07,19.67,16.37,9.44,6.47,6.76,8.04,21.93,22.64,24.26,25.44,28.91,29.01,36.9,40.91,54.17,72.12,79.82,53.23,38.81,38.13,39.8,35.07,25.37,22.65
"494","HB_HOUSTON",2017-05-08,17.01,15.07,10.2,9.51,12.41,18.76,22.71,22.9,23.69,24.38,25.85,25.77,31.66,37.97,50.11,58.47,59.52,42.92,35.23,29.48,38.68,26.67,28.33,24.45
"495","HB_HOUSTON",2017-05-09,20.83,19.78,19,18.75,19.5,21.74,23.26,22.91,23.12,23.95,25.98,26.54,29.46,36.07,39.3,44.29,49.2,38.76,31.97,28.24,30.73,30.51,26.78,21.93
"496","HB_HOUSTON",2017-05-10,23.63,20.47,18.36,19.26,19.87,22.67,27.3,28.31,29.51,32.03,33.02,29.93,32.69,42.46,54.05,58.33,60.03,42.59,35.3,29.09,35.08,27.18,28.64,24.05
"497","HB_HOUSTON",2017-05-11,22.3,20.47,18.72,18.9,19.46,23.49,26.2,24.49,24.33,24.9,27.75,30.45,35.17,41.94,53.14,68.48,70.12,49.36,38.64,36.4,33.61,29.5,26.42,23.58
"498","HB_HOUSTON",2017-05-12,24.49,22.9,21.8,22.45,23.1,25.04,27.32,27.36,28.05,30.56,33.86,36.68,40.36,45.45,58.23,81.69,86.8,62.66,43.15,36.99,34.67,29.76,28.84,24.24
"499","HB_HOUSTON",2017-05-13,24.11,21.78,20.83,20.28,19.63,20.33,22.79,22.75,24.25,25.52,29.39,32.64,39.23,46.1,57.94,79.01,105.17,48.06,30.99,27.63,26.41,25.25,21.57,20.83
"500","HB_HOUSTON",2017-05-14,18.94,17.43,8.65,6.76,6.91,8.86,16.55,19.51,22.17,24.51,26.99,28.06,31.98,35.13,43.05,53.4,57.56,40.8,32.58,27.96,30.56,26.2,22.89,20.17
"501","HB_HOUSTON",2017-05-15,17.55,16.19,12.33,9.65,13.22,17.87,20.07,25.47,23.55,25.91,29.4,31,38.88,44.44,60.08,78.74,77.86,47.54,38.16,33.52,33.97,29.45,28.21,25.6
"502","HB_HOUSTON",2017-05-16,21.81,18.59,13.7,14.51,13,20.53,24.97,25.66,26.46,25.72,30.64,31.85,35.42,38.64,51.51,68.62,66.88,40.51,33.41,28.78,28.44,29.53,30.15,24.53
"503","HB_HOUSTON",2017-05-17,23.5,20.3,19.15,18.06,20.86,23.43,24.93,25.61,26.57,28.17,32.02,36.72,41.83,47.71,57.17,67.09,67.92,46.26,38.86,33,35.59,27.67,30.77,26.53
"504","HB_HOUSTON",2017-05-18,25.67,22.19,20.47,20.17,20.43,24.16,25.57,25,25.99,27.61,34.97,34.13,39.38,53.03,68.33,83.61,75.53,50.81,39.17,35.54,35.76,27.75,31.17,25.72
"505","HB_HOUSTON",2017-05-19,26.62,22.8,21.68,20.98,22.62,26.22,27,24.3,26.26,27.34,34.47,36.38,43.97,52.17,65.89,82.44,75.08,35.78,31.08,26.76,29.57,24.72,27.49,24.23
"506","HB_HOUSTON",2017-05-20,26.8,22.23,21.09,19.91,19.65,20.97,26.95,27.07,28.68,35.17,47.48,44,44.19,49.2,64.33,77.98,72.97,52.9,39.23,37.44,37.17,33.73,30.04,24.68
"507","HB_HOUSTON",2017-05-21,22.59,21.03,19.49,18.84,18.56,19.11,24.86,24.19,25.5,27.43,30.97,29.73,38.24,39.42,45,54.23,54.29,42.93,34.93,33.88,32.55,30.97,25.02,22.74
"508","HB_HOUSTON",2017-05-22,20.13,18.41,18.19,18.1,18.2,20.53,23.83,24.84,24.73,27.01,37.19,35.19,40.29,41.47,48.48,60.53,55.65,43.87,37.92,33.15,36.84,29.12,32.35,23.66
"509","HB_HOUSTON",2017-05-23,21.77,20.05,18.99,17.72,17.89,19.73,27.51,24.94,24.03,24.93,30.03,31.1,37.18,43.45,54.55,66.12,57.67,43.2,38.37,33.73,39.36,30.9,26.5,22.97
"510","HB_HOUSTON",2017-05-24,21.34,19.12,18.27,18.17,18.31,19.93,25.18,24.52,24.8,23.98,29.07,32.1,31.7,37.62,44.96,57.83,62.66,40.05,34.43,31.67,29.74,26.59,23.86,20.45
"511","HB_HOUSTON",2017-05-25,16.13,6.8,5,5.98,6.58,16.15,21.44,19.86,21.2,21.6,24,26.05,32.85,43.98,56.73,69.63,77.65,58.4,38.97,32.02,30.34,29.86,27.85,23.66
"512","HB_HOUSTON",2017-05-26,18.43,16.9,16.59,16.19,16.19,19.17,21.38,20.65,22.67,23.93,26.34,32.24,37.41,41.31,54.74,78.35,73.46,43.87,38.49,34.71,32.76,30.2,28.16,23.75
"513","HB_HOUSTON",2017-05-27,23.11,21.14,19.38,18.39,18.56,19,21.26,21.05,22.53,26.32,35,32.24,38.51,50.33,65,79.97,73.38,51.6,36.57,33.8,31.73,28.73,28.53,24.65
"514","HB_HOUSTON",2017-05-28,24.7,22.6,21.82,18.75,18.94,18.72,22.77,21.76,24,25.92,29.39,31.95,38.01,48.45,63,69.68,70.42,47.63,36.9,31.49,30.2,28.32,27.99,26.38
"515","HB_HOUSTON",2017-05-29,22.3,20.79,20.06,19.3,18.93,19.44,20.15,20.12,20.92,22.47,24.1,25.95,26.89,30.08,36.3,34.02,39.28,30.02,25.91,25.3,26.33,25.05,23.22,21.47
"516","HB_HOUSTON",2017-05-30,19.78,19.29,18.53,18.38,18.53,20.03,23.58,22.27,22.65,24.59,25.73,29.84,35.04,40.12,44.46,50.06,45.91,33.97,28.07,29.41,30.43,26.3,23.63,20.88
"517","HB_HOUSTON",2017-05-31,20.27,19.12,18.21,18.16,19.04,20.42,22.44,21.26,22.57,24,26.47,30.17,34.88,42.15,52.06,56.99,54.63,38.56,32,31.03,29.45,25.29,24.56,22.19
"518","HB_HOUSTON",2017-06-01,21.76,20.44,19.85,19.49,19.79,20.79,22.78,22.68,22.32,23.99,28.98,30.76,37.09,43.45,58.01,60.26,57.39,38.03,32.36,28.48,31.26,30.28,25.64,21.76
"519","HB_HOUSTON",2017-06-02,20.99,19.7,19.15,19.05,19.18,20.76,23.42,21.85,22.36,24.38,25.57,28.43,33.77,39.3,47.72,50.5,52.76,36.32,27.96,26.61,30.11,24.97,25.98,22.62
"520","HB_HOUSTON",2017-06-03,22.34,20.5,20.01,19.75,19.5,19.79,21.59,21.61,22.33,24.62,31.15,35.96,40.38,45.5,58.93,63.95,65.12,41.86,34.08,31.26,27.37,27.29,26.36,23.43
"521","HB_HOUSTON",2017-06-04,22,20.54,19.78,19.36,18.77,18.95,20.63,19.96,20,21.93,25.11,33.95,36.87,39.62,47.89,53.06,55.52,39.09,31.31,27.29,29.5,26.24,25.71,23.9
"522","HB_HOUSTON",2017-06-05,20.96,19.5,18.69,18.34,18.57,19.48,21.37,20.57,20.93,22.55,24.07,29.57,35.48,41.5,51.7,59.02,59.02,38.66,31.36,28.1,29.26,25.47,24.86,23.23
"523","HB_HOUSTON",2017-06-06,20.38,19.62,18.87,18.41,18.6,19.56,19.26,19.46,19.89,21.1,24.25,26.37,31.91,36.77,47.98,59.02,61.75,42.55,33.55,29.21,29.46,26.75,25.43,23.33
"524","HB_HOUSTON",2017-06-07,21,19.74,19,18.59,18.56,19.28,20.98,20.54,21.73,23.04,24.29,28.92,35.75,45.27,62.3,77.2,87.88,55.7,37.86,31.38,28.78,24.18,25.91,23.1
"525","HB_HOUSTON",2017-06-08,20.87,19.85,19.4,18.58,18.7,19.61,19.9,19.39,19.75,22.83,25.86,28.56,30,37.88,50.45,66.29,77.22,41.59,30.9,28.09,29.77,24.26,25,21.83
"526","HB_HOUSTON",2017-06-09,19.9,18.05,17.4,17,17.33,18.9,20.67,19.46,19.65,23.12,25.93,28.6,35.06,40.68,57.19,73.88,62.52,40.62,31.43,28.58,27.82,23.87,23.8,21.37
"527","HB_HOUSTON",2017-06-10,20.2,17.83,16.64,15.82,15.44,16.07,19.12,20.17,21.82,24.6,29.02,35.19,38.73,46.01,56.91,64.6,52.89,39.81,32.42,28.47,28.18,26.58,23.39,21.78
"528","HB_HOUSTON",2017-06-11,19.35,17.93,16.87,16.21,15.83,16.15,18.3,19.86,21.69,23.41,27.41,32.68,38.9,46.45,58.64,67.38,57.1,40.95,35.51,29.77,30.57,25.89,24.49,22.33
"529","HB_HOUSTON",2017-06-12,19.71,18.5,17.85,18,18.5,21.23,21.9,20.5,21.66,25.18,29.79,32.7,37.87,43.38,57.04,77.68,64.52,43.71,34.8,31.3,29.51,27.09,25.24,23.4
"530","HB_HOUSTON",2017-06-13,21,19.91,19,18.2,18.98,20.36,24.08,21.74,25.24,26.63,29.76,37,41.45,49.33,63.29,66.38,54.88,40.2,32.85,28.15,30.22,25.58,25.3,23.8
"531","HB_HOUSTON",2017-06-14,23.51,21.52,20.02,19.83,20.74,22.67,26.82,23.52,23.88,29.51,30.71,35.28,38.36,50.94,76.96,94.36,91.79,49.56,38.04,33.14,33.15,28.52,26.75,24.09
"532","HB_HOUSTON",2017-06-15,20.92,19.47,18.34,17.37,18,20.11,23.43,21.77,22.39,25.99,30.54,41.83,47.21,68.1,100.56,133.78,126.19,62.01,43.71,37.85,36.3,32.15,27.65,24.95
"533","HB_HOUSTON",2017-06-16,21.27,19.28,18.21,17.52,17.19,19.47,20.5,19.2,20.65,24.05,30.62,35.77,46.44,67.31,96.14,119.41,115.76,57.01,38.64,31.79,29.23,26.41,26.82,24.49
"534","HB_HOUSTON",2017-06-17,23.48,19.99,18.11,17.3,17.05,17.15,22.32,20.53,21.88,25.14,32.11,39.04,47.19,53.92,69.62,94.82,88.83,50.08,41.23,35.94,36.6,31.13,25.1,23.15
"535","HB_HOUSTON",2017-06-18,21.77,19.4,18.16,17.5,17.47,17.43,19.6,18.58,20.39,23.97,29.7,35.71,44.29,57,72.11,102.55,105.57,58.09,43.2,36.48,36.16,32.64,27.15,24.46
"536","HB_HOUSTON",2017-06-19,22.65,21.15,20.48,19.87,19.89,21.5,22.7,21.73,23.84,25.12,33.34,41.36,56.16,71.22,99.96,131.07,117.3,75.67,47.7,43.54,37.47,33.43,29,24.37
"537","HB_HOUSTON",2017-06-20,21.57,20.03,19.51,19.24,19.17,19.79,22.83,22.29,22.78,25.49,32.97,38.98,43.81,56.33,69.77,96.07,74.28,50.97,40.71,37.25,33.82,32.54,27.78,23.33
"538","HB_HOUSTON",2017-06-21,22.72,20.75,19.5,18.59,18.25,19.46,23.91,22.31,23.88,24.8,28.1,35.84,38.77,46.62,62.57,73.05,64.18,39.45,32.52,28.93,28.29,25.07,25.6,23.57
"539","HB_HOUSTON",2017-06-22,21.16,20,19,18.5,18.35,19.28,22.45,21.49,23.27,24.69,28.15,33.57,38.68,50.07,58.73,70.03,66.26,41.12,33.38,30.68,29.05,26.98,25.17,23.58
"540","HB_HOUSTON",2017-06-23,20.89,19.75,18.74,18.52,19.56,20.22,19.93,20.82,23.59,26.35,29.08,37.82,47.15,65.18,103.77,119.08,90.53,45.85,35.83,32.61,30.2,26.51,30.02,25.76
"541","HB_HOUSTON",2017-06-24,24.87,21.5,20.5,19.95,19.38,19.11,21.24,22.01,23.35,29.06,38.2,43.11,49.72,60.52,64.65,67.02,64.52,41.63,34.05,28.39,28.96,26,25.76,23.2
"542","HB_HOUSTON",2017-06-25,24.93,22.59,20.9,20.34,19.62,19.44,19.74,20.29,22.06,24.88,34.4,38.92,45.69,51.91,65.59,75.19,68.98,46.14,36.87,32.41,41.01,35.97,26.44,24.24
"543","HB_HOUSTON",2017-06-26,20.74,19.74,19,18.77,18.75,19.65,20.99,21.7,24.36,24.92,28.99,32.99,38.63,46.48,54.06,70.98,63.08,38.87,32.76,27.18,28.57,25.31,25.42,23.32
"544","HB_HOUSTON",2017-06-27,20.66,19.7,18.86,18.65,18.57,19.26,20.31,21,22.5,25.72,32.83,36.47,39.32,46.46,50.37,56.46,50.62,34.17,31.92,29.43,30.62,26.05,26.23,23.49
"545","HB_HOUSTON",2017-06-28,20.12,18.93,18.35,18.37,19.05,19.5,21.6,22.29,24.8,24.87,28.82,33.56,38.09,43.59,48.53,54.38,47.92,34.85,30.84,29.45,28.48,25.98,27.68,22.84
"546","HB_HOUSTON",2017-06-29,21.08,19.38,19.03,18.88,18.9,20.27,22.22,22.69,23.19,26.51,30.38,30.6,37.75,43.41,49.61,61.18,59.02,39,33.37,29.57,28.53,26.91,26.75,23.47
"547","HB_HOUSTON",2017-06-30,23.63,21.48,20.62,20.07,20.07,20.77,29.49,22.71,24.45,27.83,33.09,37.57,44.88,57.88,74.12,82.24,63.83,44.21,38.51,34.24,30.9,30.29,30.56,25.84
"548","HB_HOUSTON",2017-07-01,27.21,24.48,23.27,21.55,20.93,20.98,22.76,23.56,23.25,26.79,38.77,37.59,43.34,44.87,60.93,80.7,85.8,39.55,32.66,30.43,29.73,27.36,27.4,24.66
"549","HB_HOUSTON",2017-07-02,22.66,20.55,19.08,17.83,17.83,17.82,17.49,17.92,19.9,22.44,25.82,31.07,37.01,43.24,60.72,86.92,103.77,51.78,38.43,32.75,35.11,28.94,26.96,25.11
"550","HB_HOUSTON",2017-07-03,21.35,19,17.83,16.88,17.64,20,21.47,20.5,21.93,24.34,27.92,32.94,38.88,45.37,64,80.63,76.03,42.52,33.88,31.47,30.48,26.92,25.1,23.38
"551","HB_HOUSTON",2017-07-04,22.25,20.36,19.36,18.82,18.82,18.75,18.46,18.7,20.7,23.01,27.38,32.52,36.89,43.38,53.25,69,66.51,40.56,32.13,29.76,29.15,26.95,25.23,23.76
"552","HB_HOUSTON",2017-07-05,21.53,20.46,19.86,19.07,19.59,20.35,20.85,21.34,22.77,24.11,26.85,35.08,42.16,52.5,74.42,93.79,83.67,46,37.79,33.37,32.02,30.12,25.68,24.05
"553","HB_HOUSTON",2017-07-06,21.94,20.49,19.75,19.18,19.31,19.81,22.2,21.82,22.72,24.69,31.8,35.25,42.93,51.13,73.45,87.23,91.13,51.04,38.25,32.38,32.18,30.36,25.57,24.61
"554","HB_HOUSTON",2017-07-07,21.33,20.64,19.96,19.33,19.14,19.76,21.91,21.95,23.84,27.69,35.14,39.67,44.93,53.82,70.84,94.18,79.88,45.12,39.87,34.92,33.17,30.39,27.86,25.4
"555","HB_HOUSTON",2017-07-08,24.94,22.39,21,20.3,20.04,20.06,20.62,21.24,23.18,25.69,32.51,39.42,44.87,57.3,74.41,89.7,79.77,45.78,37.47,33.32,32.38,29.73,28.4,25.32
"556","HB_HOUSTON",2017-07-09,23.19,21.13,20.28,19.5,18.63,18.59,19.82,20.02,21.09,24,26.98,34.22,41.02,45.48,62.63,85.57,68.97,42.37,37.31,33.99,31.93,30.92,27.37,24.28
"557","HB_HOUSTON",2017-07-10,20.56,19.53,18.69,18.06,18.02,19,21.59,21.2,22.73,24.13,30.36,34.69,42.03,49.76,61.2,77.48,68.88,39.79,34.47,32.81,33.05,29.3,26.64,23.23
"558","HB_HOUSTON",2017-07-11,20.02,18.56,17.46,16.88,16.72,18,18.68,19.81,20.87,24.4,26.65,33.23,38.34,46.24,55.1,57.93,52.36,40.49,32.6,29.84,30.03,26.19,25.71,23.24
"559","HB_HOUSTON",2017-07-12,20.96,20.16,19.21,18.51,18.7,19.73,21.08,20.63,21.26,22.95,26.98,33.95,37.39,43.76,51.35,59.15,63,41.94,32.69,30.42,31.02,26.58,26.6,23.27
"560","HB_HOUSTON",2017-07-13,22.9,20.5,20.26,19.72,19.66,20.07,21.36,21.23,21.95,25.37,31.06,34.86,42.44,50.83,67.46,77.86,65.87,42.21,37.37,32.93,32.92,31.52,26.67,23.69
"561","HB_HOUSTON",2017-07-14,21.04,20.15,19.45,18.97,18.65,19.48,20.39,20.54,22.15,24.78,32.42,35.36,41.39,53.65,73.03,86.51,66.46,43.01,37.37,33.41,30.38,26.55,25.5,23.45
"562","HB_HOUSTON",2017-07-15,22.08,20.79,19.94,19.33,18.82,18.9,18.86,19.33,21.06,24.16,31.59,37.83,42.04,47.25,60.61,69.1,62.89,39.2,34.95,31.38,30.23,26.84,25.22,23.29
"563","HB_HOUSTON",2017-07-16,21.78,20.81,20.09,19.18,18.55,18.42,19.02,19.17,20.35,22.88,25.6,32.51,39.19,44.11,49.47,57.53,58.43,42.01,34.21,31.66,30.5,27.66,26.43,23.62
"564","HB_HOUSTON",2017-07-17,20.77,20.1,19.26,18.89,18.88,19.6,21.3,20.84,22.21,24.61,29.57,34.54,39.68,46.07,52.04,54.15,49.02,35.03,31.53,29.14,29.98,25.1,25.62,23.38
"565","HB_HOUSTON",2017-07-18,20.91,20.34,19.6,19.29,19.05,19.97,20.98,21.24,23.58,25.92,27.69,32.39,38.77,44.9,54.4,61.72,60.43,38.06,34.56,31.59,32.08,29.98,25.18,24.07
"566","HB_HOUSTON",2017-07-19,21.05,20.12,19.5,19,18.82,19.81,21.61,22,23.09,25.27,31.5,35.79,41.11,50.7,62.22,70.38,61.78,43.35,36.87,35.64,32.9,30.99,25.99,23.64
"567","HB_HOUSTON",2017-07-20,21.43,20.36,19.9,19,19,20.09,20.75,20.93,22.11,24.98,29.79,35.93,42.84,55.34,69.41,87.68,68.69,48.7,39.47,36.93,36.09,32.39,26.44,24.13
"568","HB_HOUSTON",2017-07-21,21.9,20.49,19.76,19,18.92,19.5,19.9,20.02,22.22,24.49,28.28,33.67,39.16,48.9,59.1,69.61,55,39.1,36.45,35.48,32.62,28.02,26.37,23.82
"569","HB_HOUSTON",2017-07-22,23.05,21.36,20.09,19.56,18.94,19.27,20.06,19.93,22.17,23.27,27.11,33.4,39.85,45.66,53.05,69.84,68.9,46.12,37.11,33.03,30.92,29.27,25.83,23.05
"570","HB_HOUSTON",2017-07-23,21.87,20.45,20.03,19.15,18.51,18.56,19.07,19.35,20.84,23.85,26.45,31.79,38.74,44.53,55.05,73.24,62.41,42.96,36.11,36.47,32.94,32.25,26.53,23.75
"571","HB_HOUSTON",2017-07-24,21.3,20.43,19.88,19.4,19.24,19.94,22.44,21.57,23.87,24.75,31.31,37.6,42.96,57.3,69.86,73.82,61.09,45.21,36.99,34.3,33.89,29.95,25.88,23.26
"572","HB_HOUSTON",2017-07-25,21.57,20.67,19.81,19.09,18.77,19.51,20.93,20.49,22.75,24.57,28.62,34.55,40.86,48.94,54.02,64.96,61.26,44.26,36.03,34.79,31.89,28.64,26.28,23.1
"573","HB_HOUSTON",2017-07-26,20.58,20,18.95,18.8,18.66,19.9,21.96,22.31,22.81,23.57,28,38.51,37.05,43.85,54.91,60.61,50.32,37.5,33.6,32.36,30.52,27.42,25.11,23.01
"574","HB_HOUSTON",2017-07-27,20.49,19.28,18.53,18.13,18.34,19.11,22.72,22.34,22.93,24.67,31.59,35.19,41.89,50.38,69.59,87.17,73.2,49.73,41.28,38.54,34.59,32.82,26.73,23.12
"575","HB_HOUSTON",2017-07-28,21.11,20.28,19.17,18.39,18.55,19.35,20.11,20.64,22.34,26.9,34.41,43.47,53.81,106.53,204.26,306.24,230.54,75.47,45.63,43.72,36.83,32.95,30.24,24.22
"576","HB_HOUSTON",2017-07-29,23.41,20.87,20.12,19.32,18.71,19.05,18.79,19.13,20.16,23.23,25.64,36.97,49.6,76.39,133.95,164.64,126.66,73.21,41.75,35.27,32.26,31.08,29.33,24.21
"577","HB_HOUSTON",2017-07-30,23.52,21.5,20.45,19.72,18.96,19,19.52,19.95,21.5,23.71,27.21,34.59,42.23,50.3,75.97,89.05,84.29,47.79,35.9,32.48,31.52,29.1,27.48,23.71
"578","HB_HOUSTON",2017-07-31,22.98,21,20.26,19.5,19.63,20,20.93,21.08,23.33,25.65,31.13,35.01,43.88,56.95,85.64,85.08,81.45,49.02,36.71,33.55,32.66,30.95,26.53,24.12
"579","HB_HOUSTON",2017-08-01,21.29,19.94,18.87,18.26,18,18.9,20.42,20.42,22.51,25.13,28.67,33.41,39.07,47.29,60.57,63.72,51.79,39.32,32.74,30.84,29.3,27.93,25.88,23.27
"580","HB_HOUSTON",2017-08-02,21.74,20.1,19.5,19.12,19,19.5,22.51,23.07,24.94,26.45,29.2,32.74,37.85,44.22,48.78,53.75,52.07,35.29,31.08,29.41,28.96,29.03,24.5,22.38
"581","HB_HOUSTON",2017-08-03,19.56,18.52,17.84,17.38,17.34,18.11,20,20.5,22.11,23.24,25.6,29.84,33.85,39.5,45.83,53.15,65.11,38.9,31.73,29.72,29.8,29.31,23.14,22.13
"582","HB_HOUSTON",2017-08-04,20.07,19.35,18.49,17.73,17.66,18.49,19.51,19.7,21.29,23.1,25.84,31.31,36.31,44.25,51.64,65.41,44.27,33.16,29.95,28.37,25.23,24.56,22.65,21.78
"583","HB_HOUSTON",2017-08-05,20.91,20.01,18.76,17.69,17.29,17.2,19.03,18.73,20.54,22.34,24.63,29.69,37.53,44.5,47.16,53.37,44.58,34.28,30.01,28.01,25.13,25.31,22.54,21.66
"584","HB_HOUSTON",2017-08-06,20.5,19.13,17.71,16.81,16.67,16.61,18.92,18.29,20.82,23.01,24.78,28.02,34.75,40.43,49.44,62.36,63.02,37.4,31.16,29.39,30.04,29.89,23.54,22.55
"585","HB_HOUSTON",2017-08-07,22.93,21.44,20.82,20.48,20.44,21.2,21.45,21.83,23.25,24.26,28.15,31.28,35.8,47.98,46.23,46.36,39.87,32.75,28.87,27.9,25.31,26.29,24.44,22.76
"586","HB_HOUSTON",2017-08-08,19.77,19.31,18.75,18.32,18.37,19.14,19.83,20.08,20.81,22.16,23.39,26.41,32.4,40.12,41.67,45.04,44.07,36.05,29.59,26.58,25.38,25.85,23.53,21.93
"587","HB_HOUSTON",2017-08-09,19.41,18.78,17.95,17.63,17.61,18.44,19.25,19.58,20.89,22.56,24.41,28.79,32.64,39.1,46.7,50.16,51.84,41.27,30.62,28.57,26.97,25.51,23.68,21.77
"588","HB_HOUSTON",2017-08-10,19.64,18.69,18,17.7,17.58,18.52,19.93,20.44,21.74,23.74,26.06,32.86,37.64,47.87,55.41,63.34,57.13,40.57,34.71,32.61,30.83,27.18,24.25,22.51
"589","HB_HOUSTON",2017-08-11,20.44,18.59,17.98,17.65,17.81,18.6,20.77,20.79,22.39,25.35,31.78,34.58,42.61,58.4,70.73,97.06,74.54,48.39,37.15,33.43,31.8,29.71,25.62,23.62
"590","HB_HOUSTON",2017-08-12,21.55,20.45,19.65,19.25,18.58,18.59,19.56,19.94,21.51,24.5,27.19,32.99,38.36,48.08,63.8,68.02,61.32,42.72,33,31.75,29.08,28.36,25.5,23.9
"591","HB_HOUSTON",2017-08-13,21.27,20.43,19.08,18.48,17.65,17.86,18.7,18.93,19.98,22.76,25.87,31.49,36.54,42.22,51.86,61.33,67.66,42.72,33.6,30.65,31.57,28.13,25.85,23.44
"592","HB_HOUSTON",2017-08-14,20.81,19.17,17.92,17.33,17.31,18.27,20.02,20.47,21.63,24.1,27.78,33.55,38.65,45.62,57.83,66.49,58.88,43.06,36.56,34.41,35.88,28.29,24.25,22.38
"593","HB_HOUSTON",2017-08-15,21.68,19.91,18.91,17.84,17.64,19.05,22.75,21.79,21.65,24.46,27.11,31.53,38.47,46.8,60.99,61,55.24,42.39,37.44,32.14,30.57,27.58,23.92,22.88
"594","HB_HOUSTON",2017-08-16,21.95,19.6,18.5,17.97,18,19.33,23.22,22.14,23.27,27.3,29.9,33.3,39.37,54.5,69.61,71.54,61.13,44.36,38.56,35.15,31.83,29.89,26.09,23.1
"595","HB_HOUSTON",2017-08-17,21.55,20.49,20.31,20.02,20.01,20.42,22.36,21.59,21.56,23.47,27.68,33.88,40.83,51.57,66.76,81.1,62.69,43.36,34.73,30.8,30.09,26.44,25.47,22.9
"596","HB_HOUSTON",2017-08-18,20.97,19.94,18.94,18.42,18.43,19.18,21.22,20.95,22.25,26,31.8,37.06,42.92,54.21,73.07,96.17,77.94,52.25,37.07,31.08,31.79,27.58,26.57,23.44
"597","HB_HOUSTON",2017-08-19,21.1,19.89,19.12,18.01,17.5,17.81,19.74,19.48,21.47,24.59,27.31,33.17,40.63,49.02,65.37,78.32,76.39,46.47,35.83,31.38,30.96,27.05,24.67,22.6
"598","HB_HOUSTON",2017-08-20,21.98,20.02,18.5,17.92,17.59,17.61,18.67,19.4,20.9,22.75,23.7,30.86,36.09,45.58,53.98,67.84,65.35,41.15,35.18,29.57,30.37,26.64,23.57,23.16
"599","HB_HOUSTON",2017-08-21,20.28,18.8,17.75,17.31,17.63,19.31,21.14,20.93,22.8,24.49,28.21,33.34,38.39,45.34,50.09,53.53,47.46,38.19,33.08,30.64,30.2,27.54,24.39,21.89
"600","HB_HOUSTON",2017-08-22,19.79,18.61,17.64,17.37,17.5,18.29,20.4,20.53,22.24,24.04,27.97,32.51,38.68,49.42,57.19,72.49,57.74,44.34,36.32,32.35,31.13,30.53,24.26,22.7
"601","HB_HOUSTON",2017-08-23,21.5,20.41,19.84,19.32,18.87,19.59,20.39,21,22.1,24.86,30.63,34.34,42.36,49.02,59.85,71.35,60.48,45.49,35.93,33.8,31.71,28.36,25.51,22.57
"602","HB_HOUSTON",2017-08-24,20.8,19.73,18.74,18.3,18.12,18.87,20.84,20.99,22.37,23.37,27,30.77,38.61,48.11,52.79,54.4,47.57,38.5,29.75,28.28,27.99,25.52,24.26,22.54
"603","HB_HOUSTON",2017-08-25,22.17,20.61,19.98,19.48,19.42,20.16,23.32,23.05,23.58,26.35,32.49,36.57,41.79,44.92,46.24,40,34.89,30.24,26.92,26.9,27.38,24.12,23.56,22.88
"604","HB_HOUSTON",2017-08-26,22.46,20.46,19.79,19.39,18.99,19.25,19.7,19.99,21.4,22.83,22.5,25.15,26.97,32.37,31.75,29.42,27.09,24.84,26.39,24.85,26.79,24.23,22.36,21.27
"605","HB_HOUSTON",2017-08-27,20.85,19.22,18.34,17.94,17.72,17.91,18.25,18,19.67,18.97,20.11,22.35,23.78,25.11,27.54,30.34,27.05,24.77,24.17,29.05,31.55,23.23,21.17,19.09
"606","HB_HOUSTON",2017-08-28,18.64,18.13,17.49,17.3,17.39,18.13,19.29,19.55,20.85,21.47,22.49,23.75,25.9,27.21,30.84,37.57,30.97,26.64,24.11,24.12,28.71,23.63,21.58,20.22
"607","HB_HOUSTON",2017-08-29,18.51,17.51,17.1,17.01,17.15,18.19,19.2,19.33,20.04,21.14,21.43,23.51,24.89,25.38,29.04,34.19,36.3,27.16,24.2,24.14,30.77,24.25,22.74,21.46
"608","HB_HOUSTON",2017-08-30,18.82,17.88,17.5,17.07,17.38,18.36,19.55,19.86,21.16,21.85,24.06,24.49,26.36,29.57,37.56,40.25,51.94,42.43,32.24,32.78,30.81,25.93,22.34,20.61
"609","HB_HOUSTON",2017-08-31,18.69,17.67,16.95,16.61,16.72,17.85,19.15,19.19,20.84,23.1,26.95,27.27,36.4,42.33,51.17,69.79,77.28,50.2,35.1,34.04,35.49,28.89,23.06,20.98
"610","HB_HOUSTON",2017-09-01,19.37,18.16,17.47,16.76,16.64,17.52,19.06,19.11,19.84,20.98,25.17,29.53,33.81,47.76,59.35,73.92,72.31,41.54,32.14,28.71,29.12,25.09,22.14,20.25
"611","HB_HOUSTON",2017-09-02,20.08,18.67,17.38,16.88,16.58,17,17.66,18.33,18.8,20.17,22.8,24.8,29.73,40.05,48.23,57.86,58.3,36.71,30.84,27.98,27.91,23.27,22.62,21.24
"612","HB_HOUSTON",2017-09-03,21.3,20.18,19.19,18.53,17.83,18.03,17.91,18.09,18.98,20.53,22.37,27.47,31.12,46.46,49.87,63.76,62.96,42.54,35.54,32.57,29.39,25.9,23.4,22.66
"613","HB_HOUSTON",2017-09-04,20,19.51,18.41,17.57,17.36,17.46,17.83,18.49,19.97,21.21,23.26,25.81,30.62,37.9,42.68,56.26,56.73,38.47,35.47,29.61,29.67,25.48,23.04,21.15
"614","HB_HOUSTON",2017-09-05,19.12,18.06,16.95,16.48,17.06,18.11,19.6,19.94,19.18,21.59,22.71,29.15,31.93,42.74,51.69,64.24,51.37,34.48,30.89,27.16,26.42,24.98,22.31,20.52
"615","HB_HOUSTON",2017-09-06,18.96,17.98,17.33,16.54,17.4,18.41,20.97,20.82,20.91,21.11,23.08,24.67,24.94,31.72,41.76,46.81,45.2,29.41,23.12,23.08,23.87,22.59,20.6,17.75
"616","HB_HOUSTON",2017-09-07,17.25,16.39,15.02,13.97,13.7,16.47,18.98,18.98,19.54,19.77,21.02,22.4,23.99,25.06,29.49,39.61,42.8,28.02,23.38,22.46,22.49,21.42,19.8,16.89
"617","HB_HOUSTON",2017-09-08,15.83,12.27,8.42,8.32,11.28,16.29,17.3,18.29,18.83,20,20.46,21.97,22.39,23.26,27.09,36.64,40.15,30.29,23.2,22.72,22.58,22.09,19.9,17.8
"618","HB_HOUSTON",2017-09-09,17.8,16.04,15.5,15.71,16.07,16.48,16.47,17.33,17.86,19.7,20.58,21.97,22.96,25.87,35.17,41.85,44.75,35.88,30.47,23.12,22.66,22.05,19.45,18.91
"619","HB_HOUSTON",2017-09-10,17.74,17.93,17.04,16.3,16.25,16.37,15.87,16.11,17.5,17.55,19.02,21.03,22.46,24.23,33.18,35.55,39.06,36.67,30.97,25.07,23.45,22.52,19.89,18.68
"620","HB_HOUSTON",2017-09-11,17.62,17.36,17.06,17.01,17.36,18.12,19.31,18.89,19.11,20.71,21.22,23.17,25.39,31.91,35.05,41.66,48.72,41.26,30.9,28.1,23.59,22.39,20.97,20.09
"621","HB_HOUSTON",2017-09-12,18.88,18.18,17.48,17.04,17.41,18.3,18.98,19.29,20.05,21.27,22.25,22.43,22.77,24.82,34.87,42.76,47.25,38.16,27.45,24.22,23.52,21.97,20.86,19.75
"622","HB_HOUSTON",2017-09-13,18.4,17.97,17.47,16.93,17.39,18.24,19.15,19.39,19.5,20.46,20.79,22.35,24.28,34.97,44.4,58.95,54.18,38.84,27.37,24.88,24.01,23.07,21.56,18.46
"623","HB_HOUSTON",2017-09-14,17.3,15.59,13,10.21,14.72,17.74,18.92,19.71,19.99,20.8,23.32,22.87,26.37,42.79,47.56,56.05,53.11,36.33,26.91,23.43,22.96,27.99,22.32,19.02
"624","HB_HOUSTON",2017-09-15,19.14,16.7,14.74,13.74,15.21,17.93,19.57,19.57,20.19,20.86,23.16,25.42,28.43,37.12,44.55,50,50.21,35.25,27.76,25.17,25.76,23.01,22.57,22.47
"625","HB_HOUSTON",2017-09-16,19.04,17.45,16.32,15.64,15.47,15.86,18.66,18.66,19.01,22.24,23.57,27.82,32.11,37.06,41.96,48.67,51.44,36.58,29.62,27,28.78,25.64,22.97,20.56
"626","HB_HOUSTON",2017-09-17,20.44,18.97,18,17.9,17.47,17.79,18.47,18.96,20.81,21.9,22.27,25.41,29.79,38.01,48.36,59.02,58.5,36.54,28.24,26.55,25.34,25.08,23.6,20.65
"627","HB_HOUSTON",2017-09-18,19.52,18.73,18.37,18.41,18.65,19.52,20.57,20.07,20.96,21.95,23.94,26.74,31.5,41.86,46.58,59.43,50.39,35.8,28.57,26.67,27.44,24.18,23.28,21.03
"628","HB_HOUSTON",2017-09-19,21.58,19.81,18.86,17.99,18.21,20.17,24.99,21.4,20.86,22.35,26.57,28.19,32.67,39.61,47.55,56.01,48.67,34.89,31.4,30.02,27.76,27.15,23.57,22.16
"629","HB_HOUSTON",2017-09-20,20.79,19.06,18.05,17.33,17.81,20.45,22.49,21.3,22.59,23.67,24.84,29.12,32.89,40.2,46.77,54.47,47.75,36.37,30.65,30.93,27.57,24.07,23.23,21.47
"630","HB_HOUSTON",2017-09-21,22.92,21.07,19.82,19.21,19.5,20.83,22.99,22.01,21.94,23.13,25.13,32.34,34.66,41.53,48.48,51.07,45.79,33.66,28.06,27.6,26.84,24.82,23.15,21.84
"631","HB_HOUSTON",2017-09-22,19.99,18.65,17.82,17.65,17.86,19.66,22.61,21.36,21.97,22.86,25.54,31.69,35.45,40.96,47.91,51.66,42.25,33.59,26.84,27.18,28.73,28.28,21.46,21.07
"632","HB_HOUSTON",2017-09-23,19.32,17.81,16.99,16.16,16.19,16.92,18.89,18.52,18.91,21.92,25.75,30.2,36.61,39.12,44.92,47.75,46.25,36.22,27.97,24.38,26.51,24.99,21.43,19.8
"633","HB_HOUSTON",2017-09-24,19.3,17.49,16.82,16.79,16.89,17.25,17.77,17.5,19.27,22.75,23.4,27.81,30.56,39.33,42.5,50.75,43.55,34.62,29.26,26.41,26.27,24.33,22.51,21.2
"634","HB_HOUSTON",2017-09-25,18,17.24,17.22,17.31,17.57,19.66,20.82,20.17,20.98,22.04,23.7,27.7,33.03,39.49,43.47,52.11,46.67,34.31,30.5,29.23,28.82,23.5,22.23,20.97
"635","HB_HOUSTON",2017-09-26,19.68,18.86,18.33,17.83,17.73,18.91,20.35,20.33,20.4,21.61,23.29,29.55,31.34,41.6,46.67,54.33,43.59,33.58,26.22,25.95,26.57,24.66,22.5,21.44
"636","HB_HOUSTON",2017-09-27,19.72,18.99,18.52,18.29,18.24,19.26,21.38,21.4,21.6,24.37,26.45,32.7,37.71,46.02,59.54,55.38,45.24,33.56,29.11,29.08,28.05,24.39,23.37,22.36
"637","HB_HOUSTON",2017-09-28,19.98,19.05,18.56,18.41,18.41,19.53,21.07,21.84,22.32,23.56,24.51,35.05,37.53,50.46,60.18,59.39,49.8,34.2,28.79,27.91,25.61,22.91,23.98,21.15
"638","HB_HOUSTON",2017-09-29,19.88,19.21,18.51,18.2,17.87,19.06,21.57,21.53,22.23,23.38,25.31,31.6,39.15,45.21,58.3,60.99,48.22,32.29,25.93,25.8,26.74,23.13,23.42,21.94
"639","HB_HOUSTON",2017-09-30,20.21,19.23,18.5,18,17.56,17.69,18.81,19.08,20.37,21.89,23.86,25.9,31.49,39.7,48.25,59.58,53.21,35.68,26.53,25.13,25.76,26.06,22.83,20.45
"640","HB_HOUSTON",2017-10-01,20.48,19.41,18.5,18.19,18,18,17.09,17.37,18.49,19.51,21.18,22.83,27.58,44.6,61.41,78.89,67.67,46.12,31.41,28.76,27.64,25.03,23.51,20.97
"641","HB_HOUSTON",2017-10-02,19.98,16.79,14.27,15.13,15.84,18.45,20.8,19.5,18.9,21.33,26.22,31.78,38.72,59.82,65.34,69.8,70.37,44.04,29.29,31.26,29.87,28.37,24.74,22.8
"642","HB_HOUSTON",2017-10-03,23.8,22.13,20.67,20.86,20.76,21.32,22.91,23.33,24.22,26.17,31.93,44.05,50.81,75.71,79.07,74.38,62.5,40.46,33.16,32.11,29.85,26.68,29.5,25.93
"643","HB_HOUSTON",2017-10-04,25.26,21.35,20.47,20.09,20.28,21.02,24.23,22.46,24.7,27.3,33.88,40.12,53.27,82.43,100.84,137.01,103.62,48.83,33.6,29.1,26.83,27.68,27.48,23.57
"644","HB_HOUSTON",2017-10-05,21.22,20.04,19.13,18.73,18.6,19.5,22.64,21.59,23.12,25.35,31.07,37.54,46.24,69.36,89.38,109.64,89.8,50.16,29.68,26.84,30.07,27.53,27.9,23.85
"645","HB_HOUSTON",2017-10-06,19,17.56,16.64,16.52,17.11,18.57,19.72,18.91,21.02,22.92,24.01,28.12,34.57,45.31,66.73,84.73,65.03,40.89,27.25,23.66,28.87,24.39,24.52,21.6
"646","HB_HOUSTON",2017-10-07,22.31,19.84,19.14,19.33,19.18,19.35,19.06,20.12,21.11,21.81,22.61,28.15,37.62,50.62,68.72,93.38,93.12,51.51,36.2,32.14,32.86,29.41,25.93,24
"647","HB_HOUSTON",2017-10-08,20.82,19.81,18.73,17.93,16.98,17.07,17.28,17.39,20.13,21,23.2,27.2,38.28,49.79,74.2,99.08,93.36,59.19,38.25,32.88,36.13,27.07,26.91,22.16
"648","HB_HOUSTON",2017-10-09,19.59,17.93,16.23,16.6,17.32,20.29,22.18,21.61,23.09,26,29.98,44.75,65.73,125.57,161.63,181.18,165.36,98.81,50.61,43.92,35.34,27.43,27.54,22.22
"649","HB_HOUSTON",2017-10-10,22,20.11,18.28,17.32,17.3,19.52,34.27,22.81,24.04,27.36,37.41,43.05,41.24,51.8,60.44,53.51,44.45,35.28,30,32.47,28.58,24.36,22.25,20.99
"650","HB_HOUSTON",2017-10-11,18.43,17.59,17.11,16.85,17.04,17.85,20.69,20.08,20.43,22.38,20.7,23.03,25.87,38.65,44.69,61.62,55.38,37.68,25.2,25.45,26.36,24.8,21.27,19.02
"651","HB_HOUSTON",2017-10-12,17.82,15.81,14.87,14.41,16.11,18.24,19.76,24.95,24.92,25.22,29.29,44.68,71.94,124.57,199,242.42,249.2,117.94,50.05,40.47,40.02,29.16,27.85,24.23
"652","HB_HOUSTON",2017-10-13,18.59,17.38,16.31,16.12,16.57,18.21,20.33,20.57,21.9,24.37,26.63,30.71,39.58,54.04,84.58,120.76,104.16,49.42,36.64,36.23,32.76,28.32,27.05,23.26
"653","HB_HOUSTON",2017-10-14,21.2,18.22,17.38,16.51,16.24,15.77,17.65,18,19.92,24,23.04,27,39.8,48.45,73.99,98.54,65.82,44.42,30.87,29.01,27.46,26.18,24.8,23.99
"654","HB_HOUSTON",2017-10-15,23.52,22.8,19.1,15.62,12.57,14.83,18.95,19.94,22.16,25.53,26.86,30.21,34.34,45.2,72.44,69.32,44.64,31.55,26.39,28.37,24.77,23.25,22.62,21.35
"655","HB_HOUSTON",2017-10-16,18,17.2,15.93,16.5,16.8,18.51,21,22.44,23.26,23.66,25.33,25.26,27.31,33.38,57.17,69.7,53.93,28.98,27.04,25.05,25.14,23.68,23.66,20.43
"656","HB_HOUSTON",2017-10-17,18.5,15.57,12.39,12.88,15.6,17.53,21.86,21.36,21.53,20.83,20.73,22.79,23.67,23.9,32.28,42.5,39.02,25.57,22.73,22.4,24.68,25.61,20.34,14.4
"657","HB_HOUSTON",2017-10-18,11.47,9.7,7.83,10.57,13.23,16.57,21.4,21.03,21.96,22.43,19.97,21.04,22.93,30.47,39.95,47.69,47.17,31.81,23.98,24.85,26.79,24.49,22.23,19.41
"658","HB_HOUSTON",2017-10-19,17.57,15.31,13.59,14.88,17,18.41,23.26,22.13,22.45,21.98,23.17,26.45,27.55,36.64,43.05,52.07,48.03,28.02,27,25.2,26.53,24.47,22.62,20.54
"659","HB_HOUSTON",2017-10-20,17.66,16.98,15.58,15.59,16.77,18.28,23.11,21.07,20.84,21.02,24.14,24.3,27.98,34.89,45.81,52.44,47.01,30.61,24.91,29.43,29.09,22.24,22.01,21.26
"660","HB_HOUSTON",2017-10-21,22,20.41,18.84,17.42,17.07,18.62,21.82,21.24,21.9,26.3,26.2,30.74,36.99,49.23,57.83,71.54,61.68,39.5,30.27,28.52,26.31,25.41,27.3,22.84
"661","HB_HOUSTON",2017-10-22,22.7,19.1,16.06,15.96,16.03,16.7,18,18.82,21.13,21.59,21.9,26.79,29.26,37.41,49.75,43.37,36.96,27.5,27.01,25.54,27.59,24.67,22.01,20.38
"662","HB_HOUSTON",2017-10-23,16.81,14.86,10,13.91,15.39,16.6,21.82,20.72,21.69,21.57,21.23,21.53,22.36,24.52,33.95,44.78,43.78,33.35,29.54,25.59,23.52,22.14,19.49,16.76
"663","HB_HOUSTON",2017-10-24,16.57,12.82,9.7,14.37,16.23,17.93,23.44,21.71,22.65,23.53,23.75,22,22,22.15,31.6,34.8,31.39,26.04,33.84,26.59,27.35,23.43,21.61,20.08
"664","HB_HOUSTON",2017-10-25,19.09,18.55,17.69,16.88,17.59,18.84,23.36,22.7,23.59,22.46,21.58,20.42,22.07,21.06,31.83,39.02,38.46,25.21,24.92,23.25,22.01,21.84,18.46,14.66
"665","HB_HOUSTON",2017-10-26,11.21,6.31,4.4,4.93,5.67,13.27,20.95,21.88,22.06,22.49,23.17,22.55,25.83,26.29,34.39,40.9,38.21,28.12,32.35,31.7,28,25.45,22.66,18.56
"666","HB_HOUSTON",2017-10-27,11.66,5.45,5.03,6.68,6.82,16.57,24.04,27.49,31.21,23.35,21.65,21.19,21.22,22.07,27.73,26.68,24.6,23.88,35.45,34,26.15,25.46,22.6,21.45
"667","HB_HOUSTON",2017-10-28,20.03,19.12,18.7,18.85,19.36,20.57,23.82,26.76,38.87,39.1,30.95,25.24,22.89,20.67,19.74,18.87,19.45,23.22,33.89,29.86,23.96,22.73,21.36,20.9
"668","HB_HOUSTON",2017-10-29,18.74,18.32,18.38,18.55,18.85,19.66,21.73,23.88,31.52,34.01,24.2,21.7,19.57,19.49,19.81,19.74,19.99,23.07,31.05,30.42,21.12,23.12,15.96,16.43
"669","HB_HOUSTON",2017-10-30,11.92,9.11,9.47,14.53,17.29,18.31,22.17,21.96,22.95,23.52,21.02,21.44,21.07,24,22.95,25.84,30.46,30.74,34.48,25.76,24.67,21.97,20.35,18.21
"670","HB_HOUSTON",2017-10-31,16.66,17.09,17.62,18.15,18.12,19.41,24.31,24.1,28.91,30.59,28.08,28.31,29.65,36.01,35.51,43.31,35.22,34.52,40.26,32.04,27.69,25,22.27,22.18
"671","HB_HOUSTON",2017-11-01,19.75,16.36,16.33,15.59,15.59,18.5,21.62,21.36,26.17,30.67,25.44,28.89,33.13,38.53,40.7,54.28,38.5,37.75,37.1,29.54,26.01,24.97,21.87,22.13
"672","HB_HOUSTON",2017-11-02,18,13.96,12.19,14.04,14.8,18.7,21.11,20.74,24.63,25.48,29.55,37.01,43.24,58.88,80.13,100.49,71.65,40.31,34.13,28.76,25.97,23.84,25.9,23.31
"673","HB_HOUSTON",2017-11-03,21.55,20.52,19.86,19.01,18.58,19.41,21.88,21.62,24.32,31.04,34,40.88,48.6,73,92.01,108.55,59.11,39.11,29.87,29.77,24.36,23.79,26.63,23.38
"674","HB_HOUSTON",2017-11-04,25.64,19.92,16.25,15.31,18.38,18.74,19.29,21.44,23.26,24.69,26.33,28.32,34.08,40.27,52.85,59.53,57.88,36.56,34.93,30.91,30.08,28.7,26.93,26.95
"675","HB_HOUSTON",2017-11-05,24.69,19.86,18.44,16.62,16.98,16.31,18.61,19.2,21.51,26.5,27.1,34.3,45.86,54.81,70.19,76.62,57.7,44.02,36.83,31.53,27.91,25.58,29.64,22.67
"676","HB_HOUSTON",2017-11-06,20.02,19.54,19.09,18.7,19.11,20.4,25,24.38,26.62,30.16,34.86,42.91,57.07,84.98,116.26,131,110.83,57.52,49.28,37.75,31.74,29.03,32.92,26.95
"677","HB_HOUSTON",2017-11-07,23.68,21.97,20.89,20.64,20.54,22.32,25.32,23.22,24.19,27.5,34.99,43.89,54.19,69.56,97.74,88.59,59.76,44.12,40.84,37.06,31.07,26.82,29.79,26.41
"678","HB_HOUSTON",2017-11-08,20.46,19.76,19.38,19.14,18.94,20.22,29.27,23.91,24.98,27.51,26.08,27.73,29.14,30.36,28.21,28.6,28.65,44.29,42.87,32.68,26.42,25.61,24.55,23.23
"679","HB_HOUSTON",2017-11-09,19.05,18.85,18.56,18.66,18.73,22.71,46.08,33.93,32.52,29.7,27.72,25.72,24.8,23.9,23.52,23.07,24.83,39.01,36.26,26.06,25.16,25.12,24.18,23.81
"680","HB_HOUSTON",2017-11-10,21.09,19.94,19.39,19.72,19.77,22,43.4,35.04,30,28.19,24.62,23.97,22.55,21.89,22.68,23.9,24.79,37.54,27.62,23.82,24.47,23.96,26.93,22.84
"681","HB_HOUSTON",2017-11-11,22.01,17.86,17.91,18.06,17.6,18.96,19.8,19.85,22.47,26.23,23.87,22.94,24.13,25.43,23.84,23.04,23.18,34.25,25.76,23.58,22.61,22.01,26.29,22.25
"682","HB_HOUSTON",2017-11-12,20.84,19.83,18.61,18.92,19.35,19.8,21.61,22.03,22.71,25.36,24.11,24.97,26.93,28.52,30.21,27.78,26.37,47.87,41.98,30.28,23.66,23.61,27.6,24.38
"683","HB_HOUSTON",2017-11-13,20.88,20,19.38,19.56,19.37,21.38,31.65,26.86,27.26,27.41,29.26,27.26,28.47,32.44,32.39,34.47,31.23,48.73,32.47,27.69,23.55,22.92,27.17,23.81
"684","HB_HOUSTON",2017-11-14,17.9,17.92,16.1,15.87,16.98,19.19,23.17,22.9,24,24.78,25.54,23.8,26.36,26.31,28.56,24.2,24.14,37.19,29.83,29.4,26.71,24.21,22.19,18.77
"685","HB_HOUSTON",2017-11-15,18.29,17.86,17.49,16.96,17.79,18.65,24.21,25.62,24.25,26.39,24.64,25,25.67,27.06,28.65,28.66,29.5,47.85,41.42,29.57,25.95,26.22,24.33,23.86
"686","HB_HOUSTON",2017-11-16,19.33,18.89,18.4,18.09,17.78,19.28,24.1,22.72,24,25.86,25.37,25.04,26.2,28.6,30.39,29.98,25.79,38.84,29.32,25.46,23.84,24.53,23.07,23.67
"687","HB_HOUSTON",2017-11-17,21.08,15.55,13.33,13.84,16.56,20.96,24.65,23.36,23.33,23.01,25.16,28.45,30.46,38.07,40.46,42.34,34.83,44.46,31.39,29.85,27.23,24.9,24.99,22.42
"688","HB_HOUSTON",2017-11-18,20.06,16.77,12.31,12.18,14.36,16.22,22.3,22.84,26.1,28.04,26.68,29.8,34.31,37.42,39.81,31.32,27.68,41.74,27.95,24.71,24.2,22.72,23.19,21.04
"689","HB_HOUSTON",2017-11-19,19.32,19.12,18.62,18.65,17.9,18.7,19.91,20.7,23.14,24.58,22.87,22.47,22.54,22.3,22.2,22.28,22.67,35.64,29.91,26.64,23.39,22.84,21.7,19.57
"690","HB_HOUSTON",2017-11-20,17.13,16.63,17.06,17.45,17.88,22.84,32.31,26.08,28.21,26,23.4,22.78,22.73,22.66,22.37,22.03,22.51,35.68,24.9,24.15,23.12,21.62,20.51,18.56
"691","HB_HOUSTON",2017-11-21,9.58,8.53,8.75,12.5,16.1,18.14,25.19,24.65,26.39,25,23.14,23.05,23.58,24.49,24.08,24.04,24.85,43.99,31.75,27.53,22.97,21.2,21.86,19.98
"692","HB_HOUSTON",2017-11-22,17.59,17.32,17.28,17.26,17.47,19.8,25.22,24.52,24.9,24.46,23.44,22.43,22.11,22.26,22.02,22.24,22.42,36.97,25.74,26.85,25.34,23.39,22.65,20.16
"693","HB_HOUSTON",2017-11-23,19.15,18.1,17.99,17.92,17.89,19.01,20.86,21.88,24.09,26.58,26.44,25.39,22.91,23.42,20.77,20.14,19.68,27.65,24.87,22.74,21.37,20.87,20.72,20.06
"694","HB_HOUSTON",2017-11-24,19.69,17.1,16.48,16.48,17.01,17.11,19.74,19.17,20.32,21.82,23.83,24.28,23.5,23.28,23.18,22.19,23,34.05,22.35,21.41,20.04,20.07,18.05,16.97
"695","HB_HOUSTON",2017-11-25,13.88,10.89,11.74,14.99,15.86,15,17.52,18.5,19.88,21.57,22.21,22.54,23.31,24.75,30.52,28.82,26.6,32.06,27.92,22.47,22.52,22.11,22.98,20.98
"696","HB_HOUSTON",2017-11-26,19.04,18.79,18.62,18.08,18.06,18.24,19.49,19.76,21.22,22.09,21.71,21.32,22.06,21.66,24.35,24.28,24.9,38.26,32.8,26.49,25.31,19.48,18.3,16.58
"697","HB_HOUSTON",2017-11-27,9.3,7.76,9.59,11.08,15.57,17.5,22.52,20.51,20.87,20.7,22.3,21.82,23.78,22.7,23.75,24.12,25.27,32.99,23.83,22.58,20.5,18.88,17.1,11.48
"698","HB_HOUSTON",2017-11-28,5.26,5.4,4.69,5.45,5.61,10.88,17.95,18.47,19.95,21.45,21.4,21.47,22.23,23,25.92,25.86,23.97,36.63,22.57,22.13,23.53,21.05,19.73,17.58
"699","HB_HOUSTON",2017-11-29,17.41,16.68,16.78,16.13,17,19.01,23.55,21.22,22.56,24.52,24.45,23.26,21.83,23.03,24.62,25.21,24.1,46.02,27.54,24.14,24.97,23.55,22.41,19.64
"700","HB_HOUSTON",2017-11-30,18.4,17.93,17.27,17.27,17.46,18.91,26.37,23.75,23.31,23.69,22.91,23.5,23.78,25.5,27.18,25.14,24.86,44.67,29.59,26.75,25.22,23.69,21.35,18.96
"701","HB_HOUSTON",2017-12-01,18.07,17.75,17.62,17.64,17.57,19.24,25.2,22.31,21.83,21.67,21,21.26,21.38,22.24,23.05,23.01,23.87,44.66,24.72,22.1,21.07,18.85,17.18,14.06
"702","HB_HOUSTON",2017-12-02,15.95,15.7,15.84,16.48,17.15,17.6,19.07,19.39,21.03,21.75,22.39,23.03,24.9,24.19,25.48,24.8,25.56,43.86,27.27,23.28,21.86,22.07,19.2,17.23
"703","HB_HOUSTON",2017-12-03,19.13,18.08,16.86,16.62,16.48,16.78,16.94,17.63,18.33,19.43,20.53,19.04,19.56,21.7,22.91,23.19,22.1,33.31,31.97,24.68,23.21,19.8,16.05,9.75
"704","HB_HOUSTON",2017-12-04,9.19,7.64,6.71,8.66,10.22,11.34,19.94,21.52,21.17,21.83,22.98,22.96,24.14,26.97,27.79,26.49,26.06,38.91,27.03,22.96,22.58,22.23,20.87,14.27
"705","HB_HOUSTON",2017-12-05,13.84,12.6,10.99,10.37,11.91,14.96,22.17,22.63,25.46,25.42,29.88,27,26.07,22.87,22.85,21.65,21.87,34.82,28.31,27.53,25.26,24.33,22.48,20.53
"706","HB_HOUSTON",2017-12-06,19.45,18.81,18.61,18.72,18.8,20.44,31.67,28.01,28.11,28.44,28.82,27.52,26.83,26.1,22.92,22.27,22.66,38.14,34.25,27.48,24.2,23.94,22.51,21.92
"707","HB_HOUSTON",2017-12-07,19.5,19.15,18.92,18.81,19.15,20.45,38.31,36.12,30.3,27.88,27.47,23.96,23.26,23.57,23.23,23.42,22.9,35.07,39.38,34.31,30.85,25.44,22.92,24
"708","HB_HOUSTON",2017-12-08,19.95,19.42,18.95,18.89,19.79,23.53,53.34,50.41,32.35,25.81,25.03,28.27,24.05,22.57,21.84,22.09,21.3,27.75,37,31.13,27.43,25.46,20.83,21.39
"709","HB_HOUSTON",2017-12-09,22.12,20.15,19.1,18.17,18.65,21.12,24.68,29.18,32.6,22.24,22.38,20.67,19.4,19.12,18.21,17.92,18.65,28.7,28.99,25.47,23.52,25.12,23,21.2
"710","HB_HOUSTON",2017-12-10,21.48,19.85,19.62,19.78,20.27,19.29,22.02,24.7,26.58,24.02,22.02,19.55,18.97,18.72,18.12,18.48,18.72,30.04,25.05,24.86,23.09,20.28,20.28,19.64
"711","HB_HOUSTON",2017-12-11,18.35,18.59,17.75,17.41,18.33,23.51,34.38,26.08,23.8,23.28,21.39,19.9,19.79,19.56,19.46,19.39,19.64,32.96,25.69,24.26,22.03,21.88,20.39,19.61
"712","HB_HOUSTON",2017-12-12,12.7,11.08,11.38,15.82,18.83,19.38,29.19,27.72,23.91,23.44,20.42,19.39,19.33,19.03,18.63,18.27,19.69,28.36,25.78,25.11,22.14,21.71,20.14,19.75
"713","HB_HOUSTON",2017-12-13,17.94,17.5,16.77,17.82,18.53,20.53,29.19,30.08,24.13,21.88,20.12,19.04,18.43,18.58,18.39,18.61,19.42,32.14,28.61,23.83,21.83,20.94,20.44,18.9
"714","HB_HOUSTON",2017-12-14,19.69,18.58,18.19,18.45,18.44,20.32,29.27,26.85,24.77,22.03,20.43,19.45,19.24,19.16,19.2,19.07,19.82,29.31,26.5,26.68,23.93,21.77,20.15,19.01
"715","HB_HOUSTON",2017-12-15,17.61,17.12,16.02,16.01,16.5,18.94,23.96,24.19,29.66,26.46,25.13,23.28,21.83,20.17,19.73,20.18,20.59,31.78,28.57,24.82,22.64,22.24,20.31,19.61
"716","HB_HOUSTON",2017-12-16,20.06,19.14,18.4,18.17,18.72,19.48,24.85,23.12,22.8,21.49,21.28,18.38,17.35,17.53,19.21,19.61,20.23,24.95,24.81,22.9,19.85,19.94,20.84,17.64
"717","HB_HOUSTON",2017-12-17,17.71,17.22,16.9,18.06,17.72,18.66,20.47,20.1,21.69,23.35,23.65,21.78,20.73,20.27,19.55,19.76,21.81,37.88,29.64,23.98,22.23,21.72,19.89,20.06
"718","HB_HOUSTON",2017-12-18,19.9,18.84,18.68,18.72,18.92,20.64,30.61,25.55,25.25,24.49,24,22.14,21.64,20.41,20.03,19.93,21.89,38.28,31.92,25,23.83,21.93,20.87,18.94
"719","HB_HOUSTON",2017-12-19,17.77,16.66,16.14,16.95,16.76,18.64,21.95,20.72,19.95,21.97,22.16,21.39,21.84,20.73,20.47,20.13,20.38,34.28,27.14,23.53,22.03,21.35,20.91,18.75
"720","HB_HOUSTON",2017-12-20,16.04,15,15.08,16.02,17.33,18.66,23.4,22.98,23.06,24.39,23.44,22.95,21.34,19.81,18.94,18.7,20.08,23.97,22.36,21.22,20.22,19.71,18.55,14.51
"721","HB_HOUSTON",2017-12-21,9.36,6.25,7.6,7.55,8.41,14.43,21.67,20.18,20.07,20.75,19.82,19.71,19.96,20.8,20.13,20.39,21.51,42.52,25.25,23.13,22.56,20.65,18.57,17.78
"722","HB_HOUSTON",2017-12-22,17.21,15.99,14.89,14.95,14.71,16.6,18.91,19.17,19.25,19.95,20.43,21.57,21.69,21.8,20.33,20.2,20.35,43.54,27.13,21.33,22.28,20.45,19.64,19.08
"723","HB_HOUSTON",2017-12-23,17.25,16,16.01,16.33,16.51,17.43,19.6,22.31,24.52,26.56,21.09,18.9,18.38,17.96,17.49,17.09,17.88,22.38,19.05,18.29,17.86,17,17.15,17
"724","HB_HOUSTON",2017-12-24,16.52,15.73,15.79,16.28,16.23,17,19.32,19.57,20.55,19.69,18.23,17.21,15.81,16.81,16.97,17.5,18.34,26.37,24.69,24.94,21.85,19.79,20.71,19.53
"725","HB_HOUSTON",2017-12-25,20.53,18.7,18.47,18.2,18.55,19.64,21.17,21.47,20.28,19.75,19.44,18.3,18.07,17.08,16.21,16.32,17.25,20.3,22.46,18.71,18.54,17.77,18.8,18.16
"726","HB_HOUSTON",2017-12-26,17.69,17.54,17.75,18.02,17.78,18.75,23.3,24.72,21.43,23.69,20.31,19.68,18.79,18.5,17.77,17.73,18.87,36.2,28.55,21.92,20.14,19.44,20.07,18.69
"727","HB_HOUSTON",2017-12-27,18.47,17.93,17.95,18.4,19.21,20.5,31.88,29.96,24.52,24.5,23.8,23.32,22.26,20.54,19.35,19.1,20.87,33.53,33.31,28.15,24.64,24.49,22.51,20.83
"728","HB_HOUSTON",2017-12-28,19.21,18.7,18.6,18.7,18.84,19.98,35.64,31.47,26.59,24.62,21.55,21.87,19.51,19.29,18.19,18.34,20.35,38.91,38.4,24.21,21,20.53,22.51,21.68
"729","HB_HOUSTON",2017-12-29,19.88,19.39,18.86,18.93,18.73,20.26,29.52,22.42,23.06,22.3,22.22,22.17,22.87,20.09,19.55,19.16,19.89,29.69,22.71,20.95,20.36,20.44,19.38,19.65
"730","HB_HOUSTON",2017-12-30,20.43,19.77,19.43,19.95,20.31,20.78,21.88,19.38,21.62,21.65,20.93,20.38,19.61,20.03,19.25,19.59,20.75,29.11,22.38,22.33,21.92,21.68,20.85,19.89
"731","HB_HOUSTON",2017-12-31,19.35,19.12,18.99,18.91,18.76,18.82,21,20.35,21.33,20.99,21.14,21.52,21.05,21.71,21.15,20.78,21.14,29.32,32.91,23.68,23.09,22.84,22.04,21.49
"732","HB_HOUSTON",2018-01-01,26.85,25.11,24.98,26.07,27.53,30.59,34.76,37.88,55.02,59.15,51.22,36.66,32.94,30.24,29.39,28.34,29.91,48.64,61.06,56.08,49.73,38.11,37.86,31.65
"733","HB_HOUSTON",2018-01-02,34.55,30.32,31.12,34.6,47.75,53.59,162.97,185.3,111.78,90.61,58.94,43.74,33.47,30.81,29.56,29.79,34.76,73.93,99.2,68.72,62.05,48.66,44.83,35.28
"734","HB_HOUSTON",2018-01-03,29.62,29.8,30.57,31.25,44.62,52.16,101.45,93.89,64.16,62.68,58.81,53.39,48.7,45.96,44.48,45.01,47.86,53.68,66.06,59.94,58.43,55.21,52.17,50.56
"735","HB_HOUSTON",2018-01-04,40.38,40.15,41.13,42.84,43.81,56.83,85.17,71.14,52.57,54.44,49.43,43.93,42.83,39.34,36.83,38.07,42.15,52.56,56.72,52.22,51.26,45.4,48.01,48.25
"736","HB_HOUSTON",2018-01-05,39.69,33.22,33.82,33.57,38.46,43.66,51.39,52.19,38.59,31.19,34.97,31.49,29.67,27.04,26.61,26.22,26.92,40.23,37.53,31.26,28.05,27.79,28.83,28.91
"737","HB_HOUSTON",2018-01-06,21.62,20.73,20.59,21.31,23.95,23.99,27.61,29.74,29.8,30.18,24.33,23.11,22.42,21,20.4,20.43,20.05,23.31,25.39,21.87,19.38,18.76,16.11,14.79
"738","HB_HOUSTON",2018-01-07,13.4,8.33,6.26,9.02,9.76,14.57,17.27,17.36,17.49,18.3,18.6,17.81,17.94,18.25,18.16,19.22,19.54,22.84,30.06,22.38,21.52,20.21,17.67,17.41
"739","HB_HOUSTON",2018-01-08,16.48,15.35,15.14,15.75,17.56,19.35,24.31,25.99,24.39,30.46,26.73,21.56,20.34,19.7,19.62,19.4,21.83,32.7,35.7,24.52,23.35,22.84,19.66,18.5
"740","HB_HOUSTON",2018-01-09,16.5,16.06,15.34,15.4,16.67,20.17,27.34,28.18,22.27,22.71,21.54,21.04,19.11,19.34,18.32,18.73,20.13,25.62,24.24,21.88,20.62,18.96,18.35,13.76
"741","HB_HOUSTON",2018-01-10,12.71,12.53,12.83,12.2,14,18.67,27.57,32.65,23.57,23.33,22.08,21.75,21.12,20.33,18.94,18.85,18.92,34.8,25.23,21.73,18.99,17.81,16.02,12.11
"742","HB_HOUSTON",2018-01-11,11.05,10.79,10.9,12.02,12.79,16.23,23.96,26.03,20.55,21.9,20.94,19.49,20.17,20.46,20.31,20.98,22.32,33.14,42.45,34.34,27.99,24.98,24.24,23.77
"743","HB_HOUSTON",2018-01-12,20.31,20.71,21.55,22.26,26.2,29.84,58.15,50.73,37.47,32.57,28.11,24.04,22.08,21.51,20.43,20.35,21.64,29.89,33.68,30.4,26.32,26.33,24.66,23.74
"744","HB_HOUSTON",2018-01-13,25.41,25.11,25.09,24.2,26.91,32,42.41,49.52,55.91,48.52,36.97,30.84,27.9,25.13,23.9,23.08,25.03,32.01,42.26,37.48,29.3,29.26,28.66,27.27
"745","HB_HOUSTON",2018-01-14,21.82,21.27,20.81,21.95,24.32,26.38,37.07,40.56,42.73,33.76,29.25,27.43,23.87,23.02,22.06,21.88,23.91,30.74,35.82,30.68,28.3,25.52,23.58,21.76
"746","HB_HOUSTON",2018-01-15,19.59,18.91,18.98,19.33,22.23,25.2,38.86,38.43,32.56,30.87,28.49,26.98,25.26,23.66,22.62,22.06,23.37,25.05,26.35,26.96,26.23,24.12,22.57,20.6
"747","HB_HOUSTON",2018-01-16,20.08,20.9,21.73,22.79,26.69,33.86,55.91,65.25,54.35,54.14,48.26,44.62,44.46,44.26,42.93,46.11,56.94,130.26,189.07,118.64,79.73,71.23,53.2,46.18
"748","HB_HOUSTON",2018-01-17,63.38,62.26,63.21,72.07,107.39,288.23,1543.16,1637.34,516.36,102.12,97.49,72.71,62,55.22,49.39,48.35,50.71,61.16,87.01,69.87,59.37,55.65,51.37,48.05
"749","HB_HOUSTON",2018-01-18,40.47,42.96,45.12,46.85,53.43,101.93,257.46,260.52,142.84,87.91,77.2,51.2,45.52,41.3,38.69,38.44,39.58,48.09,63.56,47.44,41.76,37.24,33.05,26.64
"750","HB_HOUSTON",2018-01-19,23.88,22.92,22.75,24.1,24.37,30.17,62.41,54.53,38.92,39.08,29.49,26.92,25.74,23.84,21.49,22.04,23.89,33.63,36.2,29.87,26.57,25.58,23.87,20.04
"751","HB_HOUSTON",2018-01-20,18.52,17.8,17,16.12,17.41,17.93,25.81,27.79,31.38,34.62,33.12,34.4,27.51,24.39,24.25,23.6,23.6,30.21,28.98,25.75,24.7,22.13,17.56,16.17
"752","HB_HOUSTON",2018-01-21,11.69,8.78,6.19,6.78,8.56,13.42,18.27,19.35,20.69,23.24,24.17,27.27,23.83,23.15,22.5,22.93,22.62,29.49,40.4,30.56,23.68,23.9,20.32,17.94
"753","HB_HOUSTON",2018-01-22,16.23,15.65,16.04,17.19,18.28,18.49,29.5,33.26,31.7,28.97,25.49,23.47,23.16,23.65,24.34,23.88,24.47,34.54,47.9,32.2,30.37,25.89,26.21,24.92
"754","HB_HOUSTON",2018-01-23,21.49,20.71,20.7,21.42,24.21,27.17,47.54,44.36,33.51,29.01,26.86,24.71,24.04,23.05,22.94,22.95,23.58,32.32,39.5,27.96,27.98,28.1,24.41,22.61
"755","HB_HOUSTON",2018-01-24,22.6,20.51,20.64,21,23.04,28.9,64.6,51,29.81,26.84,25.77,25.66,24.6,23.46,21.53,21.39,22.49,31.46,37.05,31.49,28.09,25.16,21.5,19.48
"756","HB_HOUSTON",2018-01-25,19.34,18.74,19.04,20.27,23.16,22.89,44.42,40.87,29.22,29.14,27.21,27.96,26.37,26.11,25.64,25.85,25.72,29.58,38.6,28.5,27.51,27.27,23.42,20.12
"757","HB_HOUSTON",2018-01-26,19.96,20.1,19.68,19.39,21.15,24.74,27.84,28.84,27.75,28.02,28.47,25.8,25.99,24.82,24.94,24.31,25.45,31.85,40.21,30.32,34.42,25.6,28.21,24.38
"758","HB_HOUSTON",2018-01-27,35,27.98,24.21,23.26,22.65,21.6,27.84,32.63,31.74,37.24,34.58,32.34,28.35,26.93,26.4,26.58,25.71,32.55,47.16,28.99,28.56,28.52,31.18,27.5
"759","HB_HOUSTON",2018-01-28,26.86,22.78,22.81,23.02,23.69,25.79,29.47,30.25,31.02,35,33.46,29.66,27.32,25.65,25.48,25.44,25.41,34.77,56.69,42.74,36.35,31.71,28.23,26
"760","HB_HOUSTON",2018-01-29,23.65,23.01,22.56,22.67,28.07,28.63,57.87,48.58,37.29,35.06,30.35,26.84,25.47,24.51,24.21,24.01,25.63,32.56,55.26,34.73,30.69,29.03,26.15,24.94
"761","HB_HOUSTON",2018-01-30,20.59,20.68,20.1,20.57,22.93,25.34,45.99,44,30.57,28.64,27.2,26.05,24.18,23.31,22.82,22.32,22.15,26.22,40.57,29.61,27.78,26.97,23.95,21.35
"762","HB_HOUSTON",2018-01-31,20.43,19.7,20.41,20.59,22.09,27.96,42.51,41.23,33.19,28.18,27.68,26.49,25.24,25.04,24.27,24.21,24.18,28.25,31.77,27.2,26.6,24.95,24.32,21.52
"763","HB_HOUSTON",2018-02-01,15.2,14.52,14.22,17.11,18.22,21.33,34.34,25.68,22.97,23.39,23.33,23.42,23.49,23.87,24.68,24.91,24.2,31.36,41.91,27.88,25.86,23.49,22.5,18.51
"764","HB_HOUSTON",2018-02-02,20.54,19.67,19.67,20.11,21.94,22.72,46.17,33.07,29.71,28.78,24.48,24.12,23.33,22.05,21.12,20.3,20.58,24.7,36.62,25.41,24.84,24.86,22.91,20.12
"765","HB_HOUSTON",2018-02-03,17.83,16.8,16.51,16.66,16.37,17.71,20.83,21.57,23.05,25.22,25.69,22.15,21.03,20.79,20.44,19.96,20.34,21.89,32.14,21.92,21.96,21.44,20.78,19.75
"766","HB_HOUSTON",2018-02-04,19.52,19.14,18.59,18.5,18.46,19.38,21.31,21.77,25.79,27.26,27.49,23.94,22.05,22.54,21.89,23.08,21.64,20.29,22.4,20.31,19.79,19.06,18.41,18.04
"767","HB_HOUSTON",2018-02-05,19.06,18.45,17.88,18.01,18.33,19.26,33.32,33.13,23.13,22.95,21.34,21.71,21.11,20.34,20.39,19.9,19.95,25.25,33.36,23.04,21.61,19.29,18.41,16.19
"768","HB_HOUSTON",2018-02-06,18.75,18.94,18.04,18.11,18.45,19.85,34.32,27.76,26.2,25.17,22.31,21.26,21.21,21.28,20.37,20.47,21.6,23.5,44.93,22.63,21.31,20.64,20.02,18.88
"769","HB_HOUSTON",2018-02-07,19.92,19.45,18.9,19.53,19.72,22.28,47.75,34.8,26.89,25.69,22.5,21.41,20.96,20.06,20.11,19.98,20.78,26.8,45.23,31.03,26.38,22.86,23.1,23.11
"770","HB_HOUSTON",2018-02-08,20.12,18.84,19.29,19.34,20.1,25.24,63.89,49.56,32.01,26.57,23.14,22.41,21.77,21.07,19.84,19.61,20.22,24.75,28.74,22.21,21.31,21.71,19.71,18.94
"771","HB_HOUSTON",2018-02-09,14.8,14.49,14.39,14.85,16.77,19.66,30.04,24.05,22.85,22.51,22.76,22.02,21.45,21.4,20.57,20.24,20.51,22.63,23.79,19.94,19.5,17.75,17.85,17.13
"772","HB_HOUSTON",2018-02-10,16.89,17.27,17.24,17.74,16.9,16.76,15.85,16.5,18.56,21.12,20.38,19.66,19.5,19.97,19.73,19.61,19.48,24.19,50.9,23.15,22.7,20.54,21.42,19.5
"773","HB_HOUSTON",2018-02-11,17.5,17.35,16.84,17.17,17.91,17.98,18.93,20.45,24.63,26.83,26.43,25.63,22.82,22,21.79,21.08,21.53,29.46,56.59,38.22,31.21,26.12,25.34,23.12
"774","HB_HOUSTON",2018-02-12,25.31,24.91,24,23.99,28.28,30.91,72.11,53.08,35.14,32.52,28.68,25.47,23.93,21.08,19.76,19.12,19.86,23.42,31.57,20.25,19.89,19.94,20.31,19.17
"775","HB_HOUSTON",2018-02-13,19.42,19.12,19.09,21.02,20.35,23.31,43.53,35,33.15,30.05,25.96,23.26,22.56,21.25,20.48,20.32,20.79,25.52,40.72,21.6,21.33,20.2,20.33,18.17
"776","HB_HOUSTON",2018-02-14,14.74,14.87,15.07,14.62,14.94,17.01,23.56,23.39,23.76,23.99,24.58,22.28,21.31,20.49,19.91,19.36,19.49,20.9,22.71,19.77,19.42,17.97,14.39,12.63
"777","HB_HOUSTON",2018-02-15,8.7,8.38,7.82,8.67,10.63,16.85,21.83,20.48,19.86,20.38,20.4,20.66,19.75,19.48,19.98,21.57,21.89,23.08,29.01,20.69,20.64,19.41,18.06,15.88
"778","HB_HOUSTON",2018-02-16,16.5,15.34,13.38,13.66,13.32,12.18,19.94,18.79,18.46,19.1,20.93,22.4,19.56,20.27,21.16,20.94,21.82,30.06,44.88,28.47,25.07,23.46,21.59,20.34
"779","HB_HOUSTON",2018-02-17,18.21,18.02,17.41,17.19,16.78,17.33,19.7,19.86,22.22,29.22,30.74,20.82,20.32,19.76,19.69,19.46,19.54,21.03,33.35,20.26,19.63,19.38,18.92,17.6
"780","HB_HOUSTON",2018-02-18,16.52,16.69,14.71,14,13.69,13.83,18.49,19.01,19.54,20.3,21.01,20.13,20.15,19.53,19.29,19.14,19.53,21.14,27.11,23.07,21.35,19.91,13.4,10.64
"781","HB_HOUSTON",2018-02-19,7.09,5.48,5.1,5.95,6.5,11.55,18.25,18.76,19.46,21.29,21.47,20.63,20.3,21.46,21.06,20.95,21.17,22.59,33.43,22.57,19.97,19.65,16.65,13
"782","HB_HOUSTON",2018-02-20,8.98,8.32,6.16,9.36,10.72,15.5,23.34,19.96,20.29,21.35,21.92,22.18,23.26,24.01,21.28,21.21,21.81,24.61,43.43,26.12,22.54,20.97,19.87,18.1
"783","HB_HOUSTON",2018-02-21,15.73,15.1,12.13,11.91,13.18,16.67,25.32,24.76,23.13,24.98,27.45,28.66,27.74,24.13,23.46,22.58,25.24,34.23,61.16,36.77,30.74,24.2,22.1,22.4
"784","HB_HOUSTON",2018-02-22,20.95,20.46,20.08,20.41,20.44,26.83,59.53,46.84,34.08,33.8,32.19,28.51,24.92,22.93,21.89,21.59,22.94,27.54,49.16,28.6,27.52,25.15,24.81,22.89
"785","HB_HOUSTON",2018-02-23,19.15,18.74,18.79,18.54,18.99,22.28,44.32,33.69,29.06,29.93,27.13,26.06,24.22,23.43,21.77,21.02,20.04,23.94,32.53,21.9,21.68,21.37,21.3,19.84
"786","HB_HOUSTON",2018-02-24,18.68,16.59,14.51,14.28,15.45,16.37,19.56,20.27,21.02,21.29,22.76,23.83,25.27,24.97,26.17,24.76,24.12,23.61,40.6,27.65,23.33,20.81,20.39,19.79
"787","HB_HOUSTON",2018-02-25,19.28,18.3,18.67,18.92,18.19,19.07,21.64,22.96,24.87,26.52,21.44,20.61,19.88,18.93,18.43,18.91,18.84,21.09,38.68,27.39,21.4,21.64,19.95,19.92
"788","HB_HOUSTON",2018-02-26,18.24,18.02,17.89,18.36,18.73,22.08,55.03,46.07,31.5,28.77,27.32,22.79,21.54,20.06,19.44,19.61,19.47,22.46,27.98,20.77,20.25,19.15,16.73,14.39
"789","HB_HOUSTON",2018-02-27,9.45,9.51,9.86,12.67,14.65,16.5,21.52,21.35,22.11,22.19,22.02,21.51,20.54,20.15,20.21,20.48,20.99,23.48,39.42,22.49,20.66,19.11,17.12,14.32
"790","HB_HOUSTON",2018-02-28,9.36,7.94,7.4,9.18,10.23,15.22,20.11,20.3,20.88,21.32,23.24,24.24,24.36,26.08,26.11,24.9,25.94,25.61,38.11,23.98,21.73,20.01,17.52,14.87
"791","HB_HOUSTON",2018-03-01,13.25,11.9,10,11.5,13.61,14.43,19.06,18.25,18.41,19.51,19.97,20.68,21.67,23.1,22.73,22.8,24.94,26.69,47.46,25.83,20.91,19.81,19.96,19.75
"792","HB_HOUSTON",2018-03-02,16.19,16.24,16.04,16.18,17.09,20.44,39.43,29.43,25.78,23.48,21.48,21.56,20.5,21.24,21.09,21.07,19.75,20.8,23.56,20.83,20.73,19.44,17.97,16.26
"793","HB_HOUSTON",2018-03-03,14.26,12.98,12.77,13.92,14.78,15.21,20,20.8,22.41,21.26,22.41,21.58,22.37,20.93,20.77,19.36,20.1,19.88,24.55,19.71,20.51,17.77,15.17,15.7
"794","HB_HOUSTON",2018-03-04,14.11,12.52,11.97,12.94,12.52,13.59,17.56,17.72,19.1,19.75,21.08,21.9,20.81,21.37,21.24,20.92,20.77,21.31,31.75,25.43,30.79,20.56,17.31,12.71
"795","HB_HOUSTON",2018-03-05,12.36,9.6,9.6,11.99,15.66,15.68,21.4,22.12,20.57,22.7,24.84,26.78,26.45,28.07,25.5,28.34,30.37,33.55,62.23,39.5,26.08,25.47,21.66,20.49
"796","HB_HOUSTON",2018-03-06,17.1,16.83,16.26,16.49,16.97,19.62,40.83,31.78,23.86,21.9,21.35,21.82,21.86,22.02,21.07,21.26,20.64,23.73,48.99,28.29,24.27,21.66,20.67,19.11
"797","HB_HOUSTON",2018-03-07,16.71,16.41,16.36,17.25,18.99,24.67,70.16,52.4,26.38,24.94,25.47,23.49,22.9,21.61,20.59,19.68,18.95,22.98,42.66,25.9,22.94,21.37,20.67,19.42
"798","HB_HOUSTON",2018-03-08,17.02,16.01,14.32,15.19,16,20.45,46.29,37.27,22.6,21.77,20.93,20.43,20.36,19.87,19.3,19.3,19.12,19.47,28.41,23.56,20.77,19.37,15.93,14.44
"799","HB_HOUSTON",2018-03-09,11.53,10.16,11.39,11.88,15.81,17.38,23.7,20.27,20.57,21.94,22.23,21.61,21.26,22.32,22.17,22.38,22,22.69,33.78,21.57,20.51,18.78,17.57,17.45
"800","HB_HOUSTON",2018-03-10,18.21,18.08,20.19,17.18,17.89,16.75,18.53,21.14,24.08,28.35,26.63,33.18,31.7,33.42,34.37,42.21,37.67,35.25,36.76,27.47,25.57,22.86,21.14,19.08
"801","HB_HOUSTON",2018-03-11,17.44,15.86,NA,14.89,11.34,14.74,17.65,12.99,18.41,22.35,26.88,20.78,21.25,23.38,27.78,24.94,26.38,22.59,26.39,37.9,27.97,21.1,22.43,20.08
"802","HB_HOUSTON",2018-03-12,15.66,15.76,15.79,18.13,18.91,21.82,40.8,42.7,29.77,28.24,26.44,25.2,22.79,22.41,22.78,22.79,23.9,25.88,38.6,45.36,33.39,23.28,21.61,21.04
"803","HB_HOUSTON",2018-03-13,19.03,17.59,17.46,18.16,19.3,23.21,50.33,49.98,28.48,32.26,26.35,26.17,23.69,23.74,23.04,20.08,20.2,21.23,29.55,39,25.77,21.56,22.91,21.73
"804","HB_HOUSTON",2018-03-14,16.55,16.58,16.32,16.44,16.82,19.42,38.47,44.62,24.3,23.21,24.51,21.97,23.28,22.32,24.23,22.63,22.74,21.45,23.45,24.87,22.91,21.2,17.57,13.21
"805","HB_HOUSTON",2018-03-15,10.28,9.24,8.59,8.01,9.6,11.88,21.52,22.38,20.76,21.64,21.6,21.41,22.55,21.33,23.22,23.22,27.27,26.11,29.83,27.9,27.45,24.32,17.2,12.11
"806","HB_HOUSTON",2018-03-16,14.85,13.16,12.05,11.56,14.04,17.5,24.2,21.22,23.13,24.79,24.43,24.86,26.01,31.8,37.16,44.03,48.7,37.46,27.15,30.92,28.83,25.43,24.39,21.49
"807","HB_HOUSTON",2018-03-17,20.26,17,17,16.47,18.95,18.87,20.47,23.24,24.25,25.68,27.25,29.1,32.84,37.64,39.67,51.54,59.32,39.84,26.81,35.22,31.87,27.17,25.06,24.74
"808","HB_HOUSTON",2018-03-18,20.24,19.24,19.05,18.74,18.24,18.28,20.87,20.93,20.99,22.86,23.88,27.67,29.84,31.62,31.9,37.91,39.02,30.36,27.35,28.64,26.35,24.65,22.37,19.1
"809","HB_HOUSTON",2018-03-19,14.74,14.84,12.26,11.69,13.21,15.45,23.05,21.22,20.17,20.2,20.6,21.83,25.54,30.09,33.81,36.52,44.58,30.65,25.32,27.21,30.09,22.99,22.87,20.38
"810","HB_HOUSTON",2018-03-20,16.13,16.79,16.33,16.47,18.46,19.18,21.68,22.17,22.08,22.97,23.04,24.4,25.16,24.43,24.82,24.68,28.02,28.32,28.56,38.49,29.65,23.95,21.59,19.27
"811","HB_HOUSTON",2018-03-21,17.08,16.09,14.31,14.48,16.62,18.93,25.04,27.16,23.47,22.6,21.86,21.55,21.15,21.68,22.27,25.46,27.25,21.6,21.56,22.11,21.38,20.74,18.42,13.8
"812","HB_HOUSTON",2018-03-22,11.76,9.7,9.15,9.13,10.56,13.36,27.7,21.85,19.99,25.28,20.78,22.39,22.45,25.88,29.76,32.41,35.64,27.92,25.19,25.91,26.31,21.56,20.36,15.91
"813","HB_HOUSTON",2018-03-23,11.31,10.64,8.6,8.96,9.06,12,25.79,22.87,20.42,21.5,21.6,20.93,24.85,27.94,27.23,28.92,32.1,24,22.73,24.18,26.41,21.63,19.57,19.75
"814","HB_HOUSTON",2018-03-24,14.93,13.66,12.69,13.49,14.42,15.56,19.53,19.69,23.1,24.56,26.2,30.04,33.83,40.47,48.02,66.73,71.01,56.69,31.27,31.39,33.36,24.65,23.7,20.96
"815","HB_HOUSTON",2018-03-25,18.09,17.3,16.76,14.64,16.11,17.76,19.13,20.73,20.97,23.08,25.3,23.51,26.09,30.76,37.39,46.49,67.28,41.23,30.41,29.16,30.81,23.54,23.32,20.65
"816","HB_HOUSTON",2018-03-26,15.35,15.02,14.35,14.4,14.71,17.57,23.93,21.35,21.18,22.47,22.72,26.07,30.5,34.6,38.09,48.98,52.09,39.73,29,44.4,32.5,25.15,24.23,23.05
"817","HB_HOUSTON",2018-03-27,20.07,18.8,18.34,17.99,18.2,18.86,28.34,27.4,26.92,28.38,31.8,39.8,37.34,48.06,54.73,54.59,45.78,33.91,30.82,36.25,31.71,28.24,22.73,20.48
"818","HB_HOUSTON",2018-03-28,18.43,18.24,18.62,18.46,18.16,19.73,27.97,27.18,24.66,27.69,28.21,31.94,33.92,36.88,37.62,38.05,37.49,34.61,31.79,36.45,31.86,25.6,22.66,21.13
"819","HB_HOUSTON",2018-03-29,20.33,18.86,16.28,15.23,16.18,17.61,24.3,21.05,20.61,23.05,22.43,25.86,26.38,28.14,33.12,39.39,59.05,40.94,38.22,36.73,40.33,25.73,22.68,20.41
"820","HB_HOUSTON",2018-03-30,18.12,18.12,18.11,17.78,17.66,18.5,33.93,28.35,25.75,33.63,26.54,25.53,23.14,27.39,30.71,33.7,33.67,27,24,23.42,23.37,21.43,18.8,15.55
"821","HB_HOUSTON",2018-03-31,13.36,11.79,10.6,10.64,9.84,10.83,13.82,14.93,16.9,20.09,20.49,25.22,23.19,23.96,26.96,31.77,39.64,30.33,25.78,24.24,33.3,23.85,20.61,17.63
"822","HB_HOUSTON",2018-04-01,16.34,15.05,15.37,15.01,15.36,16.18,19.36,19.74,19.91,20.87,22.47,23.66,26.34,30.04,34.89,38.78,49.07,37.23,32.88,24.43,33.48,26.9,22.53,21.43
"823","HB_HOUSTON",2018-04-02,19.64,18.88,17.5,17.43,18.44,19.47,33.49,25.54,25.95,28.87,23.03,24.54,25.91,27.87,36.45,39.25,44.71,32.12,27.45,27.59,31.87,26.72,27.28,21.31
"824","HB_HOUSTON",2018-04-03,20.08,15.26,15.26,14.72,17.53,18.96,35.92,27.3,24.57,26.58,28.96,30.09,29.72,33.53,39.47,37.53,37.26,32.18,31.78,38.08,33,26.76,21.58,21.41
"825","HB_HOUSTON",2018-04-04,19.53,18.25,17.82,17.44,18.05,20,35.06,29.91,26.94,26.27,23.99,25.36,26.41,27.5,28.86,27.85,29.82,24.31,23.72,28.13,36,26.68,21.23,19.34
"826","HB_HOUSTON",2018-04-05,15.22,12.93,12.99,12.61,14.51,18.4,29.91,23.71,23.14,25.74,23.02,25.17,25.62,29.66,32.98,35.51,44.08,34.37,26.94,27.64,26.24,22.37,21.7,18.83
"827","HB_HOUSTON",2018-04-06,16.57,19.55,16.48,18.52,16.66,18.02,23.85,21.91,23.09,26.77,27.31,30.57,30.85,40.57,48.88,50.45,58.92,43.17,30.62,28.61,28.22,28.45,24.47,22.22
"828","HB_HOUSTON",2018-04-07,16.72,15.75,15,12.51,14.77,16.83,20.42,22.2,26.8,34.47,37.51,39.73,33.06,30.63,29.22,25.1,26.89,26.23,27,33.73,46.79,32.33,26.56,24.13
"829","HB_HOUSTON",2018-04-08,23.38,21.81,21.07,20.6,19.72,21.21,23.37,24.15,27.52,26.68,22.58,21.48,20.66,20.98,21.08,22,22.37,24.26,23.83,34.06,42.28,22.99,22.68,22.04
"830","HB_HOUSTON",2018-04-09,21.33,21.82,21.93,22.2,22.99,25.84,44.29,37.19,36.72,38.99,33.4,35.63,36.35,40.97,40.81,39.57,42.52,31.96,28.97,30.92,32.95,26.8,23.98,22.89
"831","HB_HOUSTON",2018-04-10,16.59,16.78,16.38,16.55,18.2,20.49,34.65,32.98,31.63,31.06,30.56,29.44,28.33,33.7,33.35,34.69,36.85,35.48,29.72,29.22,31.14,25.61,23.08,22.02
"832","HB_HOUSTON",2018-04-11,16.57,16.07,14.6,15.25,15.81,19.36,24.5,22.3,22.45,24.18,26.51,28.34,32.35,36.08,42.46,47.18,35.17,27.54,24.85,24.75,29.22,22.84,22.79,18.02
"833","HB_HOUSTON",2018-04-12,14.68,9.44,8.56,9.29,9.78,14.9,23.13,20.51,20.85,23.12,23,23.63,23.87,25.9,33.75,39.13,39.99,33.03,26.33,25.17,29.34,23.08,23.08,21.97
"834","HB_HOUSTON",2018-04-13,19.05,15.24,13.63,14.03,14.77,19.42,23.44,21.18,20.02,20.9,22.55,23.21,28.38,29.02,37.12,40.91,43.5,36.97,27.24,29.32,34.06,24.86,26.18,21.49
"835","HB_HOUSTON",2018-04-14,20.61,18.51,16.81,13.79,13.68,13.18,16.71,17.83,19.45,21.18,21.32,21.32,20.76,20.25,19.73,19.93,20.41,20.46,20.95,21.52,34.31,29,28.37,22.34
"836","HB_HOUSTON",2018-04-15,23.59,21.63,21.81,21.33,22.2,21.99,23.33,27.8,31.38,31.8,28.33,23.13,21.23,21.23,21.24,21.74,22.3,24.21,25.53,36.01,36.32,21.21,22.34,18.16
"837","HB_HOUSTON",2018-04-16,15.65,12.18,11.26,11.13,13.71,17.93,30.51,29.47,24.41,21.49,20.31,20.45,20.5,21.18,22.52,24.52,26.07,26.81,24.79,26.31,27.21,21.4,18.97,16.04
"838","HB_HOUSTON",2018-04-17,13.72,10.7,10.78,11.39,12.11,16.98,19.7,20.48,20.03,20.88,21.98,23.03,25.52,26.1,31.56,36.63,43.34,39.42,30.32,28.09,34.64,26.87,24.35,21.6
"839","HB_HOUSTON",2018-04-18,17.36,15.04,14.58,13.9,15.95,18.59,22.26,21.02,20.94,22.24,24.16,26.38,25,29.04,33.85,41.16,53.39,43.7,36.75,43.08,49.27,29.5,26.81,23.72
"840","HB_HOUSTON",2018-04-19,18.9,17.88,16.71,16.66,18.09,19.79,24.44,22.71,24.2,23.47,28.49,22.94,22.86,23.09,27.35,31.34,32.32,24.26,22.37,22.42,30.43,23.28,26.94,19.15
"841","HB_HOUSTON",2018-04-20,16.29,15.23,15.21,14.88,15.65,18.18,30.71,23.19,22.45,22.53,23.22,23.64,22.97,23.63,22.37,22.69,23.28,21.71,20.36,21.94,27.04,22.57,21.56,18.95
"842","HB_HOUSTON",2018-04-21,16.85,15.92,15.19,15.17,15.13,16.23,19.95,19.75,21.07,27.52,26.01,29.42,25.03,27.37,23.36,23.24,25,25.17,21.11,22.09,28.97,23.33,22.57,19.99
"843","HB_HOUSTON",2018-04-22,17.37,17.05,17.63,16.56,19.75,18.14,20.38,19.78,21.44,22.07,22.5,22.61,21.97,22.25,23.8,26.39,27.51,32.04,26.87,30.39,41.96,25.21,24.69,22.14
"844","HB_HOUSTON",2018-04-23,19.24,18.79,18.5,18.43,18.96,19.29,25.41,23.9,22.89,25.57,24.43,23.37,24.63,28.79,32.68,36.85,49.32,43.85,28.71,27.47,28.94,21.92,21.45,18.06
"845","HB_HOUSTON",2018-04-24,14.54,13.2,12.55,11.17,15.25,16.4,21.53,21.88,22.12,22.7,22.69,22.89,25.16,30.88,35.51,49.9,49.9,36.23,30.62,26.88,30.28,24.05,22.16,18.74
"846","HB_HOUSTON",2018-04-25,16.89,16.31,15.62,14.94,14.97,15.48,20.27,20.15,20.89,22.59,24.72,24.56,28.48,32.52,33.73,37.1,39.88,37.57,28.55,31.23,46.91,25.95,24.45,22.05
"847","HB_HOUSTON",2018-04-26,20.97,19.08,18.39,17.71,17.75,20.24,22.58,22.89,22.71,24.52,24.81,21.77,24,28.5,27.2,30,43.4,30.25,25.42,23.71,27.1,25.22,22.19,19.02
"848","HB_HOUSTON",2018-04-27,16.15,17.4,16.32,15.85,17.42,18.95,21.68,23.16,23.73,25.87,25.13,25.4,26.94,26.25,28.36,38.4,48.46,38.54,33.08,30.47,30.98,25.76,25.82,22.92
"849","HB_HOUSTON",2018-04-28,21.14,17.91,16.03,15.51,15.83,15.83,16.63,18.04,21.03,22.5,23.48,27.3,27.9,32.06,31.45,38.68,46.65,30.21,25.4,25.46,28.87,22.41,21.38,18.33
"850","HB_HOUSTON",2018-04-29,15.91,14.24,12.71,11.92,11.7,13.11,13.94,15.4,17.99,18.77,19.01,20.2,22.76,23.85,23.49,29.46,35.93,28.69,27.3,24.77,28.77,22.43,20.98,17.11
"851","HB_HOUSTON",2018-04-30,13.68,11.2,9.26,8.4,9.07,13.16,19.29,17.99,18.88,21.15,21.72,21.98,22.28,25.75,26.85,32.32,34.2,32.06,26.65,25.45,27.51,24.06,20.53,17.24
"852","HB_HOUSTON",2018-05-01,12.94,11.64,9.67,9.27,9.85,14.89,24.85,20.85,22.01,23.02,25.58,26.9,23.6,24.05,32.78,34.3,34.37,30.38,26.67,25.25,27.28,24.11,20.21,14.92
"853","HB_HOUSTON",2018-05-02,13.91,12.55,10.64,10.17,12.13,14.35,21.31,20.51,20.46,21.5,22.13,25.54,26.79,31.65,37.77,44.09,56.68,42.94,32.26,26.97,28.85,24.56,20.71,19.3
"854","HB_HOUSTON",2018-05-03,18.7,17.67,15.78,15.61,17.46,18.25,27.86,23.77,22.19,22.33,21.75,22.78,29.21,32.84,42.59,43.92,54.45,33.19,28.1,28.91,33.86,27.73,27.33,22.51
"855","HB_HOUSTON",2018-05-04,19.61,18.46,17.45,16.97,17.28,18.45,20.23,19.74,19.88,20.32,22.55,25.5,32.15,34.27,39.39,34.98,38.26,30.3,25.15,30.52,34.53,25.8,22.86,22
"856","HB_HOUSTON",2018-05-05,18.26,17.89,17.45,16.82,16.83,16.88,18.55,19.52,20.77,22.39,24.86,25.53,32.52,34.93,33.51,44.85,52.49,50.24,34.46,29.9,33.8,25.58,22.18,20
"857","HB_HOUSTON",2018-05-06,17.17,14.28,13.57,10.41,11.78,12.63,15.35,17.02,18.1,20.39,21.26,22.94,26.57,35.96,41.99,55.68,65.02,55.31,37.5,29.55,25.97,21.45,22.18,18.36
"858","HB_HOUSTON",2018-05-07,13.91,9.89,8.73,8.43,10.57,13.49,19.33,18.66,19.52,21.18,22.6,25.88,29.84,43.18,56.48,70.2,62.99,57.38,36.8,32.12,28.02,24.81,20.53,17.01
"859","HB_HOUSTON",2018-05-08,14.91,14.2,12.75,11.77,12.28,13.99,19.49,19.34,20.62,20.88,21.74,22.77,26.47,32.96,42.31,51.62,58.38,45.9,32.78,30.22,30.83,24.6,22.09,18.33
"860","HB_HOUSTON",2018-05-09,17.47,15.67,14.3,13.2,14.84,17.31,22.09,20.83,21.95,22.06,22.18,23.17,28.51,40.66,48.15,58.57,61.72,48.56,33.61,29.72,28.58,25.4,21.06,19.38
"861","HB_HOUSTON",2018-05-10,15.78,13.21,12.61,12.31,13.12,15.16,18.05,18.52,18.86,19.39,21.47,22.96,25.93,27.04,29.25,37.5,48.64,40.38,28.51,25.03,27.28,23.22,20.68,17.97
"862","HB_HOUSTON",2018-05-11,16.31,14.05,12.99,13,13.34,16.13,20.07,18.55,19.08,20.8,22,24.51,28.02,30.84,33.71,43.91,48.97,41.05,29.99,26.81,27.95,22.4,20.01,19.06
"863","HB_HOUSTON",2018-05-12,17.75,15.76,13.89,13.28,13.67,14.72,18.33,19.1,19.3,21.88,23.44,26.08,25.14,33.69,42.33,51.39,47.83,40.41,28.44,26.28,28.05,24.02,24,20.42
"864","HB_HOUSTON",2018-05-13,17.76,15.54,14.4,14.23,15.09,16.51,17.59,17.78,19.03,20.66,22.01,25.57,29.79,38.28,45.02,59.44,53.67,47.43,34.72,27.39,31.54,27.71,25.62,20.88
"865","HB_HOUSTON",2018-05-14,17.07,15.55,14.73,14.93,16.35,18.17,20.76,20.79,22.01,22,25.45,28.84,36.47,50.46,51.33,61.05,59.95,50.58,32.6,27.66,34.76,26.87,23.46,20.77
"866","HB_HOUSTON",2018-05-15,18.09,17.45,17.09,16.65,17.26,18.19,20.25,19.97,21.35,23.41,28.55,34.88,40.49,58.74,73,93.65,106.77,80.44,37.51,40.23,39.73,31.01,24.49,23.15
"867","HB_HOUSTON",2018-05-16,19.67,18.78,17.75,17.57,18.19,19.45,23.74,22.43,22.1,25.85,30.25,45.08,55.09,91.23,198.39,348.6,530.4,390.58,63.72,41.44,39.4,29.17,23.7,22.52
"868","HB_HOUSTON",2018-05-17,18.42,17.65,17.16,16.93,17.31,17.53,19.5,19.8,21.02,23.5,23.17,27.88,38.48,55.26,82.16,129.77,128.51,80.93,45.41,34.48,34.01,27.29,23.26,20.74
"869","HB_HOUSTON",2018-05-18,17.24,15.43,14.36,13.97,15.64,16.73,17.27,17.88,18.83,20.92,21.21,26.98,31.66,45.81,59.83,100.65,110.97,78.29,45.44,36.07,32.38,27.54,24.25,20.47
"870","HB_HOUSTON",2018-05-19,19.87,16.69,14.89,15.22,15.73,15.54,18.22,18.82,20.14,22.61,24.28,27.07,36.85,45.08,47.84,56.71,68.73,53.82,39.55,34.41,34.41,27.5,24.55,21.09
"871","HB_HOUSTON",2018-05-20,22.46,18.99,17.97,17.34,17.92,17.86,19.74,19.75,21.03,24.04,26.34,29.35,33.9,42.44,48.46,58.28,59.92,49.21,40.16,38.59,43.96,32.74,26.33,23.33
"872","HB_HOUSTON",2018-05-21,21.58,19.66,18.82,18.7,19.17,20.3,20.42,21.06,22.8,24.06,26.22,29.95,38.18,49.34,53.73,71.85,84.41,54.21,35.6,29.61,33.87,26.03,27,23.28
"873","HB_HOUSTON",2018-05-22,18.48,17.87,17.48,17.31,17.94,18.7,21.56,22.66,22.49,24.04,26.65,29.43,33.39,39.83,49.57,64.77,69.44,51.94,35.62,30.37,30.8,26.71,25.59,22.96
"874","HB_HOUSTON",2018-05-23,17.7,17.04,16.69,16.57,17.44,18.34,21.37,21.8,22.32,24.62,27.09,29.66,35.87,42.97,50.42,66.23,84.22,52.56,40.4,30.9,31.47,27.98,25.11,22.45
"875","HB_HOUSTON",2018-05-24,17.32,16.36,16.37,16.57,17.5,18.53,21,20.93,22.2,23.74,29.44,31.77,41.65,50.56,68.72,103.48,162.85,79.86,42.06,37.91,34.47,28.02,25.44,22.41
"876","HB_HOUSTON",2018-05-25,18.2,16.26,15.72,15.9,16.89,18.24,20.37,21.01,23.03,25.45,29.52,36.69,51.46,72.77,107.19,177.88,231.71,121.89,47.53,44.17,39.04,30.73,25.06,21.97
"877","HB_HOUSTON",2018-05-26,18.54,17.35,16,16.14,16.76,17.57,19.31,20.04,22.19,26.83,29.26,34.43,40.93,62.84,98.9,171.93,237.03,102.12,40.96,35.41,30.62,27.29,23.69,20.75
"878","HB_HOUSTON",2018-05-27,19.08,17.74,16.63,15.96,16.52,16.9,19.28,19.58,20.85,24.94,28.32,31.08,35.87,49.24,63.47,86.6,84.88,63.6,43.05,35.23,30.38,27.63,23.91,20.78
"879","HB_HOUSTON",2018-05-28,18.62,17.14,15.73,14.92,15.74,16.78,17.54,18.28,20.2,22.46,25.57,26.42,31.3,41.63,52.13,80.5,97.77,66.05,39.21,35.14,31.31,27.29,24.69,21.02
"880","HB_HOUSTON",2018-05-29,17.89,16.75,15.87,15.3,16.26,16.52,20.2,20.62,21.9,24.9,28.4,34.2,39.95,54.32,120.44,159.28,192.51,80.2,42.98,39.04,34.53,27.06,24.75,20.91
"881","HB_HOUSTON",2018-05-30,18.71,17.18,16.1,15.76,16.43,17.49,20.11,20.74,22.17,25.19,27.82,33.64,42.18,48.09,105.51,165.36,184.62,79.92,41.91,36.4,33.14,29.07,24.94,20.72
"882","HB_HOUSTON",2018-05-31,17.55,16.58,15.96,15.96,16.43,17.2,19.58,20.23,21.75,24.17,27.12,32.21,42.63,47.06,92.89,166.88,211.53,66.46,44,39.17,32.37,26.48,24.5,20.65
"883","HB_HOUSTON",2018-06-01,19.18,18.24,17.6,17.63,17.94,18.74,20.72,21.15,23.05,25.31,30.53,34.54,38.91,42.79,65.53,94.49,90.8,44.14,42.24,34.25,31.3,27.11,25.52,23.48
"884","HB_HOUSTON",2018-06-02,18.57,18.04,17.58,17.38,17.5,17.56,18.67,18.84,21.14,24.66,28.42,32.05,39.77,47.16,52.09,69.63,69.08,45.26,39.9,36.48,32.83,28.53,26.59,23
"885","HB_HOUSTON",2018-06-03,19.13,18,17.4,17.02,17.11,17.35,17.45,17.72,19.21,21.57,24.14,26.99,33.14,39.19,45.06,56.45,55.8,45.36,38.22,34.28,30.66,26.73,24.81,23.46
"886","HB_HOUSTON",2018-06-04,20.13,19.07,18.62,18.23,18.61,18.93,19.4,20.58,23.32,24.47,26.63,30.79,36.56,43.15,49.79,62.2,63.69,39.83,35.06,30.82,29.84,26.08,24.37,21.67
"887","HB_HOUSTON",2018-06-05,18.39,17.53,17.18,17.21,17.36,17.84,19.04,20.15,21.81,24.5,28.45,32.75,42.38,54.95,71.62,95.37,96.93,49.85,40.01,33.44,31.68,26.62,24.36,22.12
"888","HB_HOUSTON",2018-06-06,19.21,18.44,17.91,17.66,17.8,18.44,20.57,21.85,23.42,26.67,30.57,33.39,41.14,48.36,52.56,61.79,80.61,55.56,41.3,34.41,31.54,28,23.91,22.21
"889","HB_HOUSTON",2018-06-07,19.03,17.63,17,16.96,17.14,17.76,19,19.63,20.95,23.18,26.02,27.86,35.92,45.42,47.2,60.83,70.87,45.18,34.82,31.91,30.11,26.25,25.39,23.3
"890","HB_HOUSTON",2018-06-08,20.05,18.58,17.67,17.49,17.4,18,19.31,19.7,21,23.71,26.61,29.37,37.02,47.96,51.53,64.78,67.06,46.48,35.73,32.14,29.23,25.91,26.12,24.2
"891","HB_HOUSTON",2018-06-09,22.63,19.07,18.5,18.03,17.92,17.99,17.59,18.44,20.08,22.89,25,31.99,40.48,42.38,59.1,64.79,65.97,41.19,32.68,30.52,27.51,25.93,26.74,24.4
"892","HB_HOUSTON",2018-06-10,19.8,18.04,17.26,16.82,16.56,16.76,17.33,18.02,19.14,21.36,23.98,26.07,28.6,35.94,41.23,54.77,58.71,40.41,31.47,29.61,28.94,25.03,25.09,23.45
"893","HB_HOUSTON",2018-06-11,19.21,18.05,16.63,16.69,16.73,17.55,19.61,20.54,22.08,23.13,26.38,32.83,37.28,45.29,52.85,67.49,94,53.02,49.34,38.03,33.5,30.33,26.62,23.6
"894","HB_HOUSTON",2018-06-12,20.13,18.49,17.72,17.64,17.8,18.59,19.38,20.09,22.47,23.71,28.3,33.8,38.23,48.55,53.91,65.67,71.08,45.89,37.41,33.7,31.36,27.55,26.26,24.98
"895","HB_HOUSTON",2018-06-13,20.49,18.55,17.92,17.81,18.47,19.12,20.13,21.17,23.15,24.04,26.88,34.1,42.33,58.83,58.46,58.72,61.78,42.46,35.89,30.46,29.48,27.14,25.29,24.21
"896","HB_HOUSTON",2018-06-14,20.64,18.45,17.86,17.89,18.02,18.86,19.34,20.44,21.72,24.42,25.55,29.93,35.71,47.08,55.52,56.35,54.75,38.17,34.76,31.06,28.25,25.49,25.21,22.19
"897","HB_HOUSTON",2018-06-15,20.28,18.54,17.8,17.57,17.95,18.77,19.95,20.41,21.72,23.71,25.26,30.76,37.67,46.58,55.5,59.33,55.67,42.18,34.61,30.34,26.2,24.69,25.1,23.34
"898","HB_HOUSTON",2018-06-16,20.26,18.7,17.78,17.48,17.57,18.04,17.99,18.59,20.08,22.12,24.91,28.29,32.14,36.48,43.35,45.77,45.13,35.37,30.62,26.95,25.53,24.49,24.49,23.43
"899","HB_HOUSTON",2018-06-17,21.72,20.71,19.09,19.31,19.46,20.02,18.46,19.19,20.34,23.17,25.97,30.94,35.85,44.47,52.17,54.25,51.82,39.79,32,30.35,30.88,26.34,25.72,24.3
"900","HB_HOUSTON",2018-06-18,22.18,20.65,19.41,19.35,21.13,21.77,23.4,24.18,27.47,28.24,30.13,37.58,48.47,60.83,50.64,49.27,43.98,33.52,28.6,27.51,26.62,25.61,24.32,22.97
"901","HB_HOUSTON",2018-06-19,21.4,20.05,19.77,19.64,20.19,22.21,23.91,24.29,25.97,26.02,29.39,32.62,34.74,40.39,39.75,38.14,34.21,31.39,26.31,25.65,25.88,25.16,24.17,23.19
"902","HB_HOUSTON",2018-06-20,19.32,18.46,18.35,18.16,18.65,19.73,21.46,22.13,24.15,24.51,27.26,29.11,31.29,35.09,37.96,41.52,44.35,37.77,35.5,30.39,28.17,26.9,24.56,23.8
"903","HB_HOUSTON",2018-06-21,25.04,22.64,21.67,21.48,22.01,22.64,25.15,25.91,27.78,26.88,30.82,35.07,40.28,45.17,58,91.06,100.42,64.76,49.18,43.82,38.11,34.72,30.75,26.47
"904","HB_HOUSTON",2018-06-22,22.34,20.1,19,18.37,18.72,19.63,21.66,21.89,23.3,25,30.26,34.3,41.08,52.21,66.23,87.29,83.85,56.92,42.12,32.75,31.04,28.01,24.65,25.25
"905","HB_HOUSTON",2018-06-23,20.57,19.26,17.73,16.6,16.63,16.77,17.74,18.68,20.53,22.69,24.47,27.69,29.24,36.13,40.55,52.23,58.05,42.67,34.31,29.74,28.49,25.15,24.94,23.87
"906","HB_HOUSTON",2018-06-24,20.69,19.33,17.7,16.48,15.81,16.35,18.21,18.74,20.1,21.59,23.35,25.79,26.47,32.23,38.84,41.82,44.51,38.15,33.09,27.7,25.98,24.02,24.87,22.41
"907","HB_HOUSTON",2018-06-25,20.17,18.06,17.21,17.14,17.88,19.15,20.77,21.67,23.82,24.16,26.54,29.17,34.15,39.56,46.01,58.95,65.17,42.59,40.18,31.88,31.86,28.37,25.04,23.98
"908","HB_HOUSTON",2018-06-26,20.54,18.77,18.04,17.73,18.03,19,19.9,20.82,22.11,22.94,24.62,29.16,32.83,40.26,44.12,58.41,63.56,46.99,40.47,35.3,30.54,29.11,25.53,24.88
"909","HB_HOUSTON",2018-06-27,19.88,18.31,17.34,17.02,17.49,18.71,20.04,21.11,22.99,23.54,27.57,32.27,39.76,50.63,68.22,102.59,116.02,64.83,50.41,37.44,33.15,30.64,26.87,24.63
"910","HB_HOUSTON",2018-06-28,20.52,18.22,17.2,16.81,17.1,18.32,19.53,20.61,22.21,24.18,25.7,30.27,34.45,42.19,47.48,56.16,60.48,43.63,36.58,31.74,31.19,28.96,26.11,23.65
"911","HB_HOUSTON",2018-06-29,19.93,17.75,16.94,16.73,16.85,17.67,18.39,18.65,20.19,22.36,25.75,29.73,32.42,36.99,45.15,54.7,58.4,42.29,34.14,29.42,27.06,25.5,25.74,24.22
"912","HB_HOUSTON",2018-06-30,23.99,20.12,19.48,18.53,18.17,18.25,17.39,18.14,19.67,21.28,24.87,28.78,30.38,34.87,38.71,46.49,52.61,40.68,33.15,28.93,27.8,25.57,26.73,24.11
"913","HB_HOUSTON",2018-07-01,24.71,21.12,19.19,18.28,18.42,18.85,18.55,19.25,21.46,23.3,28.44,29.06,33.02,42.59,48.12,63.93,75.19,64.3,44.95,37.54,31.72,31.54,27.52,24.24
"914","HB_HOUSTON",2018-07-02,21.91,20.08,19.9,18.79,18.93,19.41,21.19,22.05,24.21,27.07,33.43,36.07,42.99,59.1,87.54,134.15,159.28,90.89,49.82,40.54,35.97,32.75,27.05,24.46
"915","HB_HOUSTON",2018-07-03,20.54,20.04,18.97,18.35,18.58,19.24,20.11,20.85,23.12,25.47,30.79,36.57,44.78,50.66,76.02,120.32,164.27,69.45,45.17,41.51,36.25,31.49,26.13,24.36
"916","HB_HOUSTON",2018-07-04,21.81,20.51,19.48,18.99,18.99,19.41,19.4,19.33,21.8,22.59,28.02,34.32,41.13,43.93,51.71,45.84,43.61,33.78,30.26,28.01,27.5,24.76,23.95,23.55
"917","HB_HOUSTON",2018-07-05,21.13,20.12,19.26,19.03,19,20.21,20.6,21.22,23.55,25.95,30.51,31.59,35.5,41.14,43.88,54.79,59.93,43.06,39,36.58,35.26,31.97,27.81,24.5
"918","HB_HOUSTON",2018-07-06,20.57,19.36,19.1,18.56,18.44,19.11,21.77,22.03,24.39,27.63,31.54,35.03,40.46,47.61,54.31,63.5,58.67,43.23,39.44,34.97,32.72,31.32,27.48,24.53
"919","HB_HOUSTON",2018-07-07,23.64,20.84,20.12,19.49,19.08,19,20.04,20.53,22.37,24.45,28.9,32.6,39.07,43.78,46.96,57.85,60.78,42.33,37.34,32.65,31.45,29.75,26.06,24.82
"920","HB_HOUSTON",2018-07-08,23.96,21.98,20.43,19.04,18.85,18.87,19.91,20.85,22.38,24.34,28.1,32,36.56,44.38,43.45,49.75,50.38,37.35,33.5,29.84,28.57,29.21,26.49,23.53
"921","HB_HOUSTON",2018-07-09,22.57,20.58,19.72,19.06,19.26,20.03,21.26,22.13,22.98,28.94,30.03,34.54,39.2,44.47,46.9,51.66,48.84,37.23,33.49,32.08,32.04,30.98,27.06,23.98
"922","HB_HOUSTON",2018-07-10,20.76,19.4,18.98,18.29,18.58,19.06,20.5,21,22.48,25.97,31.19,33.82,41.1,47.37,57.12,68.7,59.69,44.27,41.09,34.66,32.4,30.47,26.45,23.81
"923","HB_HOUSTON",2018-07-11,20.17,19.01,18.5,17.72,17.84,18.28,18.96,19.68,21.24,23.49,27.48,32.51,41.04,45.89,59.53,54.69,50.42,38.61,36.24,30.76,30.28,29.83,25.24,22.62
"924","HB_HOUSTON",2018-07-12,19.48,18.11,17.74,17.18,17.4,17.82,17.98,18.97,21.07,23.5,27.18,32.68,42.87,49.23,54.61,58.3,53.94,38.99,35.79,30.16,30.46,28.06,23.7,22.51
"925","HB_HOUSTON",2018-07-13,18.89,17.8,17.39,17,16.89,17.49,18.68,19.57,21.45,24.15,30.58,33.17,41,50.18,59.19,69.58,65.25,48.85,34.09,30.9,30.54,29.73,24.08,22.77
"926","HB_HOUSTON",2018-07-14,19.8,18.93,17.96,17.17,17.04,17.17,19.43,19.43,22.18,24.21,30.56,34.38,43.19,50.21,59.21,68.21,65.4,48.29,43.64,32.23,30.54,29.65,24.91,22.27
"927","HB_HOUSTON",2018-07-15,18.87,18.19,17.34,16.37,16.18,16.15,17.34,18.3,19.57,22.73,26.5,31.51,36.98,46.45,53.07,79.72,107.99,70.63,49.18,36.32,32.81,30.24,25.76,22.96
"928","HB_HOUSTON",2018-07-16,19.71,18.1,17.1,16.64,16.63,17.11,20.85,21.27,23.02,24.99,30.03,34.67,41.12,48.9,65.71,113.55,186.64,76.42,57.19,42.07,37.57,32.17,27.25,23.38
"929","HB_HOUSTON",2018-07-17,19.77,18.55,17.87,17.07,17,17.36,19.87,20.24,21.16,23.35,28.12,36.35,52.53,109.09,249.72,545.48,843.74,553.21,73.13,45.45,37.6,31.2,24.64,23
"930","HB_HOUSTON",2018-07-18,19.23,18.17,16.79,16.04,16.13,16.66,17.31,18.46,19.98,22.68,27.3,33.33,45.24,100.02,447.28,1569.64,1570.5,1533.37,99.52,48.29,40.13,30.33,23.88,21.69
"931","HB_HOUSTON",2018-07-19,17.92,17.32,16.06,13.88,13.2,15.24,17.01,19.17,19.52,21.17,24.41,34.85,47.5,92.15,363.9,1218.02,1856.76,908.65,60.43,46.38,37.15,30.66,23.5,21.47
"932","HB_HOUSTON",2018-07-20,17.49,16.41,15.3,13.96,13.32,15.64,16.32,16.84,18.68,20.14,22.73,30.69,40.01,100.15,170.15,717.47,1120.94,377.62,55.24,37.95,32.08,26,22.52,20.57
"933","HB_HOUSTON",2018-07-21,17.08,15.61,12.73,10.11,9.95,10.11,14.59,15.47,18.09,19.95,24.51,34.39,56.95,112.96,542.21,1594.27,1738.98,1047.92,154.63,54.68,37.21,30.32,22.97,20.92
"934","HB_HOUSTON",2018-07-22,17.55,16.24,15,12.21,11.25,10.03,13.06,14.6,17.84,19.12,23.2,31.32,47.43,76.74,366.3,1484.15,1877.07,1272.05,250.14,54.82,34.81,30.38,22.79,20.55
"935","HB_HOUSTON",2018-07-23,17.93,17.03,14.67,10.23,10.32,15.01,16.66,17.75,19.26,20.6,24.59,33.67,52.67,120.37,698.96,1891.05,2057.51,1199.67,119.23,52.9,42.77,31.28,22.54,21.11
"936","HB_HOUSTON",2018-07-24,19.45,18.22,17.08,16.28,16.12,16.97,18.52,19.14,21.18,23.37,30.63,35.66,46.79,73.21,171.62,393.73,691.48,202.25,74.5,44.21,42.29,32.64,26.2,23.08
"937","HB_HOUSTON",2018-07-25,20.51,18.93,17.97,17.39,17.26,17.83,18.37,18.73,20.85,24.19,29.91,39.54,54.82,93.91,199.05,595.01,912.28,358.73,115.94,48.59,41.13,30.05,26.57,23.27
"938","HB_HOUSTON",2018-07-26,18.97,17.63,16.27,15.75,15.94,16.47,18.25,18.5,19.79,22.48,28.54,36.02,50.19,74.09,154.72,310.88,771.32,310.78,105.83,50.1,41.23,30.48,27.07,23.29
"939","HB_HOUSTON",2018-07-27,19.7,18.74,17.93,17.42,17.65,18.07,18.75,19.03,20.42,23.57,30.22,37.85,50.08,69.77,104.21,120.91,192.18,88.36,53.39,38.23,35.02,30.53,28.05,23.27
"940","HB_HOUSTON",2018-07-28,20.96,19.19,18.53,17.72,17,17.27,18.44,19,19.75,23.42,28.43,34.61,49.27,63.52,74.32,98.08,133.39,80.39,54.67,40.95,41.05,30.89,26.1,22.8
"941","HB_HOUSTON",2018-07-29,20.11,18.81,17.67,16.5,16.51,16.39,16.82,17.58,19.22,22.45,28.72,32.07,44.99,64.05,69.45,89.73,140.81,86.09,69.08,41.84,39.4,31.75,27.47,22.5
"942","HB_HOUSTON",2018-07-30,19.03,17.98,16.74,16.3,17.51,18.16,19.12,19.77,21.24,23.17,28.68,32.08,41.77,56.11,69.13,78.04,104.92,55.76,37.81,31.88,31.32,29.25,23.35,21
"943","HB_HOUSTON",2018-07-31,19.72,18.68,17.76,17.53,17.44,18.02,18.82,19.09,20.56,21.77,24.86,27.99,31.17,36.86,45.56,59.07,63.48,44.19,38.05,34.52,31.25,29.16,25.27,22.19
"944","HB_HOUSTON",2018-08-01,20.17,18.98,18.36,17.99,17.92,18.32,18.95,19.2,21.1,23.86,27,30.6,36.48,42.88,62.55,86.23,89.29,76.58,45.53,37.96,30.9,25.94,23.83,22.38
"945","HB_HOUSTON",2018-08-02,18.13,17.16,16.77,16.29,16.47,17.15,18.95,19.58,21.72,24.3,29.67,31.79,36.93,47.16,60.58,72.43,102.81,72.24,42.64,34.14,31.37,27.12,23.43,20.9
"946","HB_HOUSTON",2018-08-03,18.74,17.28,16.42,16.27,16.09,17,18.45,18.92,19.5,21.67,24.41,29.51,35.12,41,54.5,60.75,71.97,52.8,37.6,32.63,28.93,24.47,22.86,20.09
"947","HB_HOUSTON",2018-08-04,18.99,17.34,16.69,16.04,15.89,16.37,17.03,17.57,18.67,20.13,23.64,27.05,31.7,36.95,40.5,47.13,50.36,40.46,34.13,29.33,27.69,23.86,22.97,20.11
"948","HB_HOUSTON",2018-08-05,19.84,17.57,16.77,15.83,15.62,16.13,17.67,18.01,19.31,20.18,23.17,26.54,31.08,37.97,40.69,45.9,50.87,47.15,40.04,33.03,30.49,25.75,23.79,21.1
"949","HB_HOUSTON",2018-08-06,18.89,17.86,17.31,16.84,16.98,17.85,19.57,19.91,20.23,23.21,27.18,30.88,35.97,41.9,49.78,59.61,62.02,57.38,38.54,33.74,30.94,27.17,24.18,21.05
"950","HB_HOUSTON",2018-08-07,18.27,17.81,17.11,16.89,17.03,17.86,19.91,20.42,22.34,24.03,27.81,32.02,37.2,45.45,56.4,83,74.7,50.85,36.48,33.07,32.08,27.78,24.79,22.84
"951","HB_HOUSTON",2018-08-08,19.29,18.19,17.58,17.17,17.22,18.16,19.6,20.6,22.86,23.9,28.14,32.42,38.02,46.83,63.52,85.6,81.93,52.74,39.65,33.48,33.14,29.4,25.4,23.74
"952","HB_HOUSTON",2018-08-09,20.6,19.79,19,18.33,18.43,19.13,19.79,20.06,21.7,24.56,26.1,32.3,35.48,40.69,47.33,49.3,50.44,39.85,32.84,30.55,30.85,26.27,24.26,23.98
"953","HB_HOUSTON",2018-08-10,22.01,20.12,19.41,18.93,18.98,19.38,20.31,21.07,22.45,25.21,29.09,35.5,35.89,40.1,44.87,47.79,43.34,34.53,30.08,29.88,27.9,25.72,25.96,24.66
"954","HB_HOUSTON",2018-08-11,22.52,20.84,19.93,19.43,19.43,19.09,20.12,20.88,21.99,23.17,23.43,29.77,34.83,37.95,40.36,41.32,43.74,31.54,29.08,25.95,26.66,25.18,25.57,22.42
"955","HB_HOUSTON",2018-08-12,20.56,19.45,18.63,18.41,18.16,18.1,18.84,19.32,21.32,23.27,23.83,25.84,30.83,34.5,37.31,40.95,42.68,38.9,30.72,29.28,27.95,26.9,24.72,22.42
"956","HB_HOUSTON",2018-08-13,19.43,18.15,17.79,17.56,17.66,18.28,20.22,20.39,21.74,23.06,24.29,24.76,26.47,33.28,35.13,38.59,38.93,31.66,27.13,26.56,27.03,24.09,23.48,21.49
"957","HB_HOUSTON",2018-08-14,19.17,18.01,16.89,16.05,15.98,17.15,19.42,19.4,19.71,21.24,23.75,25,31.9,34.75,36.74,41.76,41.85,35.93,33.87,28.97,28.68,25.14,23.03,20.23
"958","HB_HOUSTON",2018-08-15,19.11,18.09,17.55,17.49,18.02,19.09,19.92,20,22.54,24.11,27.54,33.38,39.08,46.76,56.08,66.08,81.67,45,38.56,32.83,32.74,27.35,25.79,23.47
"959","HB_HOUSTON",2018-08-16,20.31,19.34,18.57,18.29,18.46,19.21,21.49,22.05,23.67,25.74,31.68,36.22,43.06,52.93,66.03,76.17,83.22,52.05,38.16,35.25,34.43,32.05,25.51,23.83
"960","HB_HOUSTON",2018-08-17,20.23,19.35,18.31,17.99,18.01,18.75,22.04,23.02,24.99,25.97,32.51,39,45.61,65.35,86.78,143.68,150.2,76.17,46.03,37.11,34.36,32.21,25.65,24.47
"961","HB_HOUSTON",2018-08-18,23.74,21.85,20.43,19.31,19.24,19.38,20.18,20.61,22.9,25.32,29.23,34.95,48.92,59.2,67.68,79.02,71.13,46.7,35.76,32.69,32.4,29.31,25.43,24.35
"962","HB_HOUSTON",2018-08-19,22.28,19.73,18.63,17.96,17.66,17.74,18.25,18.9,20.94,23.74,25.58,32.11,36.74,44.86,57.6,63.43,72.51,48.51,36.03,34.56,38.11,32.09,26,24.4
"963","HB_HOUSTON",2018-08-20,22.12,19.91,19.31,18.4,18.33,19.08,21.21,21.74,23.22,27.06,30.65,34.59,42.41,58.42,72.09,99.04,98.87,69.05,46.93,36.33,43.49,34.37,27.62,25.27
"964","HB_HOUSTON",2018-08-21,22.2,20.65,19.76,18.97,18.86,19.47,21.92,22.11,23.91,26.13,32.43,38.92,47.16,64.23,100.51,115.94,129.09,78.05,51.22,37.98,38.45,32.61,24.85,23.86
"965","HB_HOUSTON",2018-08-22,19.78,18.91,18.15,17.4,17.53,18.22,20.01,20.07,23.07,24.8,27.41,33.32,39.28,52.05,73.65,99.4,109.11,63.23,39.71,33.33,33.59,28.92,24.54,21.95
"966","HB_HOUSTON",2018-08-23,19.52,18.4,17.89,16.97,16.97,17.72,19.04,19.87,20.08,21.92,25.42,30.53,36.22,45.73,62.07,76.97,84.95,57.79,39.78,33.5,32.68,28.46,24.26,21.12
"967","HB_HOUSTON",2018-08-24,18.95,18.47,17.2,16.12,15.81,16.43,17.64,18.77,19.75,21.37,24.91,27.49,33.65,42.86,58.03,77.33,91.09,55.99,37.66,32.51,30.4,25.43,24.48,21
"968","HB_HOUSTON",2018-08-25,20.04,18.47,17.44,15.57,15.45,16.06,18.01,18.88,19.99,22.53,26.15,33.36,37.07,58.02,64.52,81.65,86.14,50.4,38.46,34.86,32.3,29.14,24.24,21.59
"969","HB_HOUSTON",2018-08-26,19.99,18.52,17.25,15.56,15.81,16.35,17.95,18.49,20.13,20.97,24.24,26.6,33.42,41.85,50.87,66.22,73.07,49,37.71,33.21,29.92,26.69,22.96,20.8
"970","HB_HOUSTON",2018-08-27,18.96,17.53,16.43,13.44,14.36,15.85,19.96,19.73,19.54,21.46,25.19,27.67,32.37,41.97,51.03,61.83,65.59,44.99,37.4,32.5,31,26.18,22.1,19.8
"971","HB_HOUSTON",2018-08-28,17.71,16.64,15.52,14.46,15,16.87,18.54,18.38,19.59,21.17,23.58,26.59,31.9,38.96,46.78,58.02,59.45,42.08,35.9,31.96,30.66,26.52,24.87,21.17
"972","HB_HOUSTON",2018-08-29,19.44,18.38,17.86,17.56,18.12,19.31,20.64,20,22.13,23.86,26.23,32.58,37.31,49.88,70.6,96.05,99.33,55.45,37.34,33.45,33.3,28.17,24.34,23.33
"973","HB_HOUSTON",2018-08-30,20.03,20.19,19.1,18.92,19.03,19.67,20.8,20.33,22.44,24.34,27.5,34.14,38.56,54.72,68.96,86.7,78.9,57.71,36.77,32.98,30.77,27.02,23.99,22.05
"974","HB_HOUSTON",2018-08-31,19.27,18.58,18.14,17.92,17.92,18.75,19.63,19.6,20.77,22.82,26.15,31.12,36.62,47.94,63.23,63.81,65.23,42.05,33.54,30.67,29.06,25.03,23.98,20.81
"975","HB_HOUSTON",2018-09-01,19.03,18.01,17.29,16.7,16.82,17.14,17.87,18.35,18.93,21.67,24.03,28.31,34.07,40.76,62.04,69.15,62.86,39.27,31.65,28.3,26.33,24.86,23.52,20.56
"976","HB_HOUSTON",2018-09-02,20.38,19.34,18.2,17.94,17.7,17.9,18.51,18.5,19.75,22.65,23.79,26.7,32.31,37.98,44.43,61.31,56.83,37.82,30.55,29.01,30.42,25.6,24.92,23.42
"977","HB_HOUSTON",2018-09-03,20.77,19.29,18.35,17.83,17.72,18,19.27,19.03,20.04,22.89,23.68,25.21,28.66,33.54,41.17,44.28,42.16,32.39,28.15,27,26.25,24.76,24.39,22.22
"978","HB_HOUSTON",2018-09-04,19.81,19.4,18.28,18.18,18.22,19.48,22.89,20.94,21.46,22.64,23.65,28.49,30.35,35.22,42.6,51.37,45.3,32.02,28.33,28.14,26.88,24.9,24.94,21.67
"979","HB_HOUSTON",2018-09-05,19.2,18.66,18.37,18.29,18.49,19.74,22.08,21.57,21.94,23.63,26.07,30.17,33.9,36.54,41.3,53.35,50.47,37.05,30.08,30.97,29.81,25.99,24.27,23.42
"980","HB_HOUSTON",2018-09-06,20.54,19.74,18.97,18.56,18.5,19.14,22.15,21.32,22.32,23.57,26.77,31.41,34.36,39.42,47.93,58.43,52.75,37.63,32.57,31.56,31.06,27.6,25.34,23.74
"981","HB_HOUSTON",2018-09-07,20.86,19.88,19.67,19.26,19.25,20,23.5,21.41,20.88,24.11,26.06,30.4,35,40.95,54.24,54.44,49,33.5,30.78,30.76,30.15,26.62,26.76,23.76
"982","HB_HOUSTON",2018-09-08,21.02,19.7,18.81,18.36,18.69,18.78,19.79,19.95,20.42,23.11,23.99,27.72,32.66,37.23,38.48,42.19,47.62,35.8,30.76,29.76,30.62,25.78,23.94,22.79
"983","HB_HOUSTON",2018-09-09,20.61,19.7,18.71,18.59,18.53,18.4,19.78,19.21,20.32,22.48,23.43,24.13,30.67,32.27,39.33,45.27,45.23,33.76,31.17,31.83,29.84,24.64,23.7,23.26
"984","HB_HOUSTON",2018-09-10,19.67,18.87,18.15,17.89,17.78,19.22,22.57,21.68,21.54,23.86,25.57,29.96,32.02,35.34,37.44,42.03,47.57,38.5,33.88,31.53,30.52,24.9,23.34,21.56
"985","HB_HOUSTON",2018-09-11,18.61,17.9,17.54,17.48,17.67,18.9,22.62,21.04,20.7,22.09,22.87,23.56,30.29,33.35,33.69,37.13,38.98,32.21,28.65,25.88,25.85,23.59,23.21,19.48
"986","HB_HOUSTON",2018-09-12,17.73,17.38,17.08,17.17,17.5,18.65,21.25,20.83,20.9,22.07,22.74,23.5,28.69,32.18,37.04,42.42,38.65,29.83,26.37,26.69,24.48,22.85,21.95,19.5
"987","HB_HOUSTON",2018-09-13,17.88,17.09,16.75,16.76,17.18,18.57,21.57,22.69,22.33,22.87,24.52,28.16,35.04,39.25,45.32,49.31,41.31,32.37,30.92,30.67,29.12,24.09,21.92,20.28
"988","HB_HOUSTON",2018-09-14,18.32,17.44,16.92,16.89,17.73,19.06,21.58,21.57,21.92,22.9,25,28.69,34.75,39.66,46.96,50.05,42.14,31.4,27.62,28.59,28.18,24.53,22.6,21.24
"989","HB_HOUSTON",2018-09-15,19.64,19.21,18.76,18.3,18.11,18.16,19.78,19.77,21.04,22.21,27.82,30.41,33.53,38.1,45.74,47.28,49.48,36.06,30.83,33.64,33.61,28.22,23.66,22.36
"990","HB_HOUSTON",2018-09-16,20.02,19.08,18.85,18.44,18.26,18.48,19.24,19.27,20.37,22.83,26.48,30.57,34.1,42.11,52.03,65.68,75.16,41.25,35.91,34.96,32.63,29.34,22.63,21.78
"991","HB_HOUSTON",2018-09-17,20.53,19.3,18.8,18.38,18.81,19.53,22.53,22.58,23.1,27.39,32.6,35.43,42.56,54.61,63.39,86.41,91.04,46.56,40.05,37.84,32.58,28.17,22.58,20.78
"992","HB_HOUSTON",2018-09-18,20,18.72,18.06,17.71,18.08,19,22.99,23.12,23.23,27.4,30.09,34.69,43.33,59.28,72.2,79.3,79.28,55.72,42.27,38.6,34.23,29.72,23.87,21.59
"993","HB_HOUSTON",2018-09-19,19,18.3,17.36,17.08,17.3,18.23,20.04,20.01,20.2,22.11,25,29.33,34.86,43.02,47.35,56.54,54.5,39.17,32.6,29.88,27.89,24.84,22.47,20.11
"994","HB_HOUSTON",2018-09-20,18.94,17.47,15.72,15.63,15.99,17.78,21.16,20.2,20.94,22.83,25.02,30.89,33.41,39.44,42.15,51.97,52.06,41.27,33.33,29.91,27.95,25.18,23.83,21.83
"995","HB_HOUSTON",2018-09-21,20.03,19.43,18.57,18.45,18.77,19.91,23.1,22.79,22.85,23.49,26.34,30.18,35.1,40.85,46.84,43.89,43.11,35.43,31.09,30.18,26.74,24.4,22.98,21.87
"996","HB_HOUSTON",2018-09-22,18.64,17.32,16.78,16.12,16.05,16.32,18.41,18.89,19.34,20.72,23.35,23.8,24.15,24.16,26.09,29.87,35.01,32.12,28.78,30.33,29.27,25.46,23.7,22.14
"997","HB_HOUSTON",2018-09-23,19.78,18.94,18.45,18.23,18.11,18,18.55,19,19.66,20.99,22.89,24.57,27,31.6,32.12,37.46,40.57,34.02,28.66,33.01,26.62,24.6,23.26,22.2
"998","HB_HOUSTON",2018-09-24,19.01,18.48,17.98,17.79,18.19,19,21.21,21.08,21.05,22.48,24.17,26.72,30.71,37.13,45.33,56.83,47.74,36.15,32.67,29.28,26.42,24.48,22.49,20.74
"999","HB_HOUSTON",2018-09-25,18.15,16.28,15.06,15.14,16.72,18.87,19.2,20.72,22.18,23.41,26.62,29.25,34.3,40,49.27,49.6,47.2,38.61,32.3,31.35,26.62,25.04,24.51,21.1
"1000","HB_HOUSTON",2018-09-26,21.3,19.41,18.57,17.41,17.71,18.47,19.62,20.25,20.93,23.23,24.41,25.75,27.52,29.77,31.84,35.73,34.57,31.36,28.66,31.18,31.61,28.42,26.05,24.69
"1001","HB_HOUSTON",2018-09-27,20.95,19.68,18.99,18.89,18.89,20.84,26.1,25.37,23.79,24.03,26.51,27.07,29.3,31.38,33.55,36.94,38.19,31.57,27.52,27.57,25.62,24.57,22.42,20.25
"1002","HB_HOUSTON",2018-09-28,17.99,17.02,15.19,15.6,16.78,18.37,19.95,20.98,21.62,24.48,24.35,24.58,28.03,36.36,39.47,44.38,44.55,38.46,32.54,30.17,24.9,25.21,21.14,20.73
"1003","HB_HOUSTON",2018-09-29,22,20.27,19.75,18.87,18.9,19.45,19.41,19.88,21.61,25,25.34,30.74,32.26,39.3,40.13,40.83,35.52,30.3,26.94,26.49,23.99,22.64,21.06,20.21
"1004","HB_HOUSTON",2018-09-30,21.56,20.18,19.82,19.57,19.87,19.7,18.57,19.37,19.98,21.51,25.46,26.12,32.73,37.56,47.45,49.28,45.01,38.32,31.87,32.71,27.33,24.02,23.57,21.05
"1005","HB_HOUSTON",2018-10-01,18.64,17.48,17.6,17.38,18.28,19.71,22.55,22.62,23.81,25,25.51,28.15,34.35,40.57,43.12,56.3,54.36,37.51,34.97,31.53,27.23,24.91,23.69,20.94
"1006","HB_HOUSTON",2018-10-02,20.06,18.85,18.72,18.67,18.42,19.2,23.23,23.59,24.29,25.57,28.34,34.15,35.42,41.78,49.32,65.46,56.67,37.84,30.56,31.13,27.58,24.46,23.07,21.34
"1007","HB_HOUSTON",2018-10-03,18.95,17.96,16.9,16.36,16.49,18.22,22.87,22.64,22.79,24.12,25.65,29.79,34.1,38.18,42.48,55.47,64.4,44.24,32.94,32.34,29.51,26.14,22.94,20.21
"1008","HB_HOUSTON",2018-10-04,20.13,18.7,18.37,18.26,19.06,20.11,25.03,23.2,23.92,25.17,29.58,34.07,38.62,55.55,55.06,69.07,59.35,41.14,34.07,34.37,29.57,25.53,24.16,20.63
"1009","HB_HOUSTON",2018-10-05,23.93,21.85,20.28,19.79,20.01,22.3,29.08,24.12,25.34,23.36,31.5,28.19,29.73,41.28,49.81,71.95,72.23,44.48,34.46,36.82,34.91,27.87,25.36,25.42
"1010","HB_HOUSTON",2018-10-06,26.52,23.46,22.32,21.91,21.8,22.75,24.71,23.74,25.66,30.18,38.48,42.29,49.79,62.6,71.01,91.37,98.4,57.38,53.04,45.08,39.95,37.22,31.07,26.69
"1011","HB_HOUSTON",2018-10-07,30.17,26.12,25.77,23.35,22.57,22.69,27.13,26.15,29.64,29.45,37.26,40.11,38.48,49.18,55.87,68,66.72,43.24,37.23,36.65,36.3,36.2,29.61,28.61
"1012","HB_HOUSTON",2018-10-08,21.05,21.99,20.81,20.69,22.82,24.28,27.41,29.41,29.09,27.69,29.52,31.77,30.26,40.88,50.9,69.44,73.92,42.23,38.61,37.44,33.95,31.47,29.36,25.83
"1013","HB_HOUSTON",2018-10-09,24.13,21.89,20.84,20.61,21.24,24.76,28.46,29.82,26.89,30.99,39.65,38.95,42.17,48.98,59.99,71,70.35,46.47,43.91,44.36,43.18,35.84,27.85,25.9
"1014","HB_HOUSTON",2018-10-10,25.1,22.81,23.16,22.24,22.41,26.01,27.88,27.57,27.63,30.44,30.82,34.54,36.85,44.01,48.29,62.64,66.04,42.15,39.34,36.97,36,30.62,25.26,25.03
"1015","HB_HOUSTON",2018-10-11,27.15,22.19,21.03,20.45,20.59,21.36,30.33,23.81,22.64,23.73,23.73,25.69,27.58,30.95,40.42,39.4,39.47,33.55,31.91,30.02,28.65,29.8,24.2,22.78
"1016","HB_HOUSTON",2018-10-12,22.5,21.1,20.4,20.09,20.65,21.64,24.39,24.88,27.58,26.56,25.88,28.05,28.63,32.34,41.31,47.94,52.92,40.32,42.33,39.76,32.22,29.08,26.63,26.15
"1017","HB_HOUSTON",2018-10-13,33.09,25.08,27.28,23.69,22.72,22.43,29.11,27.35,25.89,28.99,36.06,36.55,38.19,39.07,42.84,48.16,49.21,45.2,47.03,49.59,36.47,33.51,31.3,28.7
"1018","HB_HOUSTON",2018-10-14,29.77,25.77,22.45,21.2,21.09,20.83,26.5,26.49,30.43,38.08,39.27,40.28,44.32,58.55,59.71,60,54.68,41.26,39.16,34.57,30.95,31.71,27.08,25.9
"1019","HB_HOUSTON",2018-10-15,22.79,20.2,19.41,19.2,20.04,23.19,30.23,26.62,26.27,25.79,27.86,30.35,30.79,31.79,31.54,29.99,33.03,44.27,48.86,47.38,39.22,33.57,27.78,27.01
"1020","HB_HOUSTON",2018-10-16,22.59,22.94,20.73,20.74,21.25,25.77,39.57,37.07,35.64,37.27,37.47,36.49,36.03,34.68,33.9,33.69,37.21,40.44,51.35,59.75,39.18,38.07,29.92,28.12
"1021","HB_HOUSTON",2018-10-17,23.83,22.83,21.23,20.95,21.5,25.55,41.44,34.78,30.16,31.8,31.37,29.03,32.27,34.72,30.31,29.5,31.46,35.47,51.59,48.88,36.66,30.88,27.84,26.2
"1022","HB_HOUSTON",2018-10-18,22.72,21.39,20.98,20.85,21.27,25.43,30.97,27.08,29.75,31.29,30.95,31.6,29.3,28.12,27.83,31.64,34.85,35.62,40.04,49.67,35.88,30.76,27.49,27.47
"1023","HB_HOUSTON",2018-10-19,22.67,21.14,20.84,20.73,21.16,24.95,30.87,27.44,27.35,27.81,29.15,31.48,32.79,36.29,36.02,39.69,37.29,33.28,35.58,40.79,30.55,30.21,28.52,26.44
"1024","HB_HOUSTON",2018-10-20,27.35,24.1,21,20.2,19.87,19.99,25.99,25.86,26.23,27.38,29.72,34.2,33.12,32.54,31.49,30.84,34.5,29.76,32.78,33.73,28.59,27.62,24.87,24.36
"1025","HB_HOUSTON",2018-10-21,24.77,21.53,20.67,20.08,20.74,21.79,24.84,24.23,24.83,27.62,27.72,30.11,30.13,27.97,28.69,29.15,30.97,32.21,38.21,37.07,28.86,28.44,27.68,24.12
"1026","HB_HOUSTON",2018-10-22,20.67,19.83,19.62,18.7,20.25,25.12,28.04,27.03,27.64,27.97,29.54,30.9,30.66,31.1,30.79,34.45,34.95,33.68,39,40.48,30.7,27.92,26.95,24.87
"1027","HB_HOUSTON",2018-10-23,20.21,20.46,20.15,20.31,21.05,26.64,34.21,32.84,29.96,33.37,30.51,30.42,30.35,30.4,29.08,35.71,30.35,28.9,31.86,32.7,28.85,26.54,26.79,23.71
"1028","HB_HOUSTON",2018-10-24,20.62,20.6,20.5,20.08,20.68,24.31,30.88,28.95,27.77,28.09,26.92,28.78,28.64,28.86,28.11,29.75,32.45,29.93,35.5,38.73,31.97,28.39,27.84,25.24
"1029","HB_HOUSTON",2018-10-25,23.65,21.78,20.93,20.53,21.34,25.4,39.56,33.75,28.93,29.27,27.85,27.41,26.87,27.01,27.31,28.37,29.2,31.71,38.28,43.76,33.87,28.43,25.79,24.38
"1030","HB_HOUSTON",2018-10-26,25.23,24.27,22.26,21.53,22.5,24.73,32.48,31.77,28.21,29.56,28.09,29.42,30.48,31.5,33.59,38.18,35.84,35.16,36.52,37.89,29.41,26.54,27.28,24.01
"1031","HB_HOUSTON",2018-10-27,20.02,19.57,19.12,18,19,19.51,22.94,22.81,24.74,26.55,27.08,28.27,30.7,33.35,41.41,48.32,49.72,40.69,40.55,35.79,29.86,26.99,25.94,21.16
"1032","HB_HOUSTON",2018-10-28,19.81,19.13,17.75,16.75,18.56,18.99,20.7,22.08,22.67,24.12,26.55,27.24,29.94,34.95,44.74,64.64,61.54,42.27,43.25,35.15,30.4,27.9,27.4,21.65
"1033","HB_HOUSTON",2018-10-29,20.17,18.86,17.95,16.99,18.25,19.53,22.58,24.7,24.82,24.85,26.57,27.3,27.22,35.08,39.95,44.42,47.6,33.59,31.19,30.15,26.66,31.7,24.51,22.31
"1034","HB_HOUSTON",2018-10-30,15.64,13.31,12.6,13.11,13.78,17.02,23.95,23.46,23.08,23.01,26.29,28.03,31.51,31.91,42.91,52.49,58.37,50.59,58.79,47.93,37.17,32.86,32.26,27.6
"1035","HB_HOUSTON",2018-10-31,25.9,23.7,22.25,22.6,23.75,29.24,36.39,30.02,30.86,26.43,30.01,33.4,33.59,41.34,42,40.55,35.57,29.74,30.81,31.35,29.66,26.76,26.29,24.47
"1036","HB_HOUSTON",2018-11-01,21.5,19.82,19.14,18.44,18.9,21.75,23.72,24.6,24.2,23.94,24.95,25.97,25.89,26.06,26.11,26.08,26.05,32.79,37.87,42.25,32.99,27.7,27.23,23.43
"1037","HB_HOUSTON",2018-11-02,22.07,20.38,19.7,19.31,19.62,22.69,29.44,30.44,29.07,28.65,28.62,27.76,27.51,27.54,29.72,28.67,30.45,26.91,29.75,27.32,25.85,25.91,20.27,16.65
"1038","HB_HOUSTON",2018-11-03,15.82,14.42,11.92,11.38,12.36,14.47,16.39,19.63,19.77,21.53,22.43,23.37,22.97,26.29,25.02,25.09,27.89,37.06,41.15,41.08,26.92,21.87,22.57,21.41
"1039","HB_HOUSTON",2018-11-04,23.2,22.88,21.92,23.87,22.36,22.71,27.95,24.89,26.64,30.47,33.46,34.73,33.07,32.4,26.72,26.37,29.76,36.86,40.56,27.99,25.96,23.9,21.89,19.51
"1040","HB_HOUSTON",2018-11-05,12.1,10.01,10.16,11.04,13.49,18.84,22.7,22.89,24.06,24.35,26.5,28.95,29.96,35.71,40.51,43.88,46.9,63.7,58.96,36.18,31.17,27.61,27.84,25.86
"1041","HB_HOUSTON",2018-11-06,21.05,20.04,18.67,18.8,19.58,22.44,30.37,32.02,35.79,39.03,42.66,43.34,45.01,59.1,71.83,75.99,81.62,97.06,79.54,46.66,43.41,35.71,28.05,24.86
"1042","HB_HOUSTON",2018-11-07,24.65,23.61,21.09,20.45,20.6,24.64,35.41,30.61,32.58,35.83,37.85,38.03,45.15,50.16,48.89,46.35,51.42,68.24,57.13,35.62,31.24,30.47,28.38,27.97
"1043","HB_HOUSTON",2018-11-08,22.83,21.44,21.09,21,21.07,27.2,35.59,31.1,34.54,35.83,35.66,33.53,37.39,38.21,35.59,33,36.28,44.36,33.18,29.31,29.96,28.09,22.97,17.87
"1044","HB_HOUSTON",2018-11-09,18.54,17.63,17.19,18.22,19.75,23.14,36.93,29.12,30.07,29.93,31.12,29.55,29.56,27.91,26.96,27.53,29.08,52.54,46.05,37.77,33.06,30.5,28,26.83
"1045","HB_HOUSTON",2018-11-10,24.35,21.62,20.93,20.8,21.24,22.67,29.49,29.78,37.22,37.64,32.08,31.18,29.96,29.74,28.79,29.07,29.59,38.29,35.36,31.2,29.99,29.42,22.15,19.5
"1046","HB_HOUSTON",2018-11-11,22.03,21.31,20.93,21.11,22.54,25.31,25.52,27.53,29.41,33.67,33.78,33.51,32.81,31.71,31.05,32.69,33.03,42.72,43.8,35.03,30.69,29.66,27.92,26.01
"1047","HB_HOUSTON",2018-11-12,23.19,21.46,20.42,20.08,19.26,21.04,30.08,29.35,29.46,28.94,30.37,33.58,31.88,28.43,26.91,27.13,28.12,42.27,41.73,34.1,31.25,30.17,26.55,25.1
"1048","HB_HOUSTON",2018-11-13,20.45,19.93,20.4,21.31,24.66,32.96,54.38,47.68,38.86,36.65,33.28,30.55,29.71,28.5,28.51,29.62,32.62,61.48,75,67.58,61.74,44.78,37.74,33.15
"1049","HB_HOUSTON",2018-11-14,29.4,29.77,26.87,28.53,34.84,44.15,100,100,78.57,53.79,42.35,35.64,33.17,30.76,28.9,29.2,31.87,53.33,63.11,60.35,57.7,45.33,34.49,29.92
"1050","HB_HOUSTON",2018-11-15,27.77,27.24,26.43,26.79,29.14,41.09,104.77,68.21,38.26,35.31,35.29,32.18,30.3,29.69,28.7,28.92,30.17,42.56,46.29,34.83,33.73,31.82,29.37,28.36
"1051","HB_HOUSTON",2018-11-16,26.51,26.56,27.9,30,30.53,36.7,58.41,54.97,42.82,38.08,35.7,37.5,33.4,34.56,33.56,33.05,32.82,38.06,33.93,30.76,28.15,23.74,22.58,19.21
"1052","HB_HOUSTON",2018-11-17,19.42,18.76,18.96,19.71,20.28,23.8,27.69,27.46,28.69,28.53,29.78,29.17,27.16,26.94,26.71,27.2,29.44,47.86,37.33,31,27.33,30.55,30.21,25.95
"1053","HB_HOUSTON",2018-11-18,22.2,21.2,21,21.17,24.55,27.82,27.04,27.31,28.54,31.99,32.1,33.06,34.25,32.87,30.6,29.99,31.04,57.98,48.31,40.5,37.52,36.53,31.57,32.01
"1054","HB_HOUSTON",2018-11-19,29.52,29.66,29.38,29.51,27.41,29.66,67.09,54.52,38.41,36.69,36.14,35.33,30.94,28.39,28.12,28.04,28.62,43.21,44.86,40.56,34.53,31.53,30.67,29.19
"1055","HB_HOUSTON",2018-11-20,28.01,27.69,26.41,27.16,28.55,39.64,64,51.75,41.86,35.2,33.47,32.11,30.23,28.89,29.3,28.35,30.25,42.08,41.43,35.39,32.75,31.92,32.59,29.8
"1056","HB_HOUSTON",2018-11-21,29.3,28.88,28.85,30.78,32.24,36.64,49.51,46.74,39.51,41.9,37.88,35.44,34.5,32.76,31.83,31.22,31.6,48.07,42.1,35.53,35.9,35,32.89,31.16
"1057","HB_HOUSTON",2018-11-22,29.62,27.11,26.64,27.01,27.86,30.48,33.1,37.49,46.39,49.14,49.53,38.78,34.77,34.1,33.23,27.58,27.79,35.14,32.99,28.3,24.51,24.07,19.26,19.43
"1058","HB_HOUSTON",2018-11-23,16.98,15.77,14.55,16.97,17.65,16.8,25.03,25.83,26.53,28.78,30.41,34.2,31.7,35.91,30.99,31.98,36.63,65.18,46.38,35.75,33.48,31.14,30.79,33.79
"1059","HB_HOUSTON",2018-11-24,28.17,25.65,19.38,20.67,20.27,26.61,31.43,32.9,35.47,37.25,34.3,30.91,28.37,26.65,24.44,24.96,26.46,33.99,28.72,22.88,21.66,21.55,18.81,16.06
"1060","HB_HOUSTON",2018-11-25,17.86,16.82,15,16.82,17.96,18.47,18.65,20.14,21.44,22.81,21.82,21.94,22.7,24.56,25.81,30.08,30.54,55,51.38,39.3,42.22,38.26,33.73,33.08
"1061","HB_HOUSTON",2018-11-26,25.81,26.51,26.51,27.17,30.12,36.64,66.95,61.29,44.85,40,39.02,33.71,32.09,31.1,30.65,30.79,32.8,56.11,55.91,43.78,39.7,36.47,36.78,33.09
"1062","HB_HOUSTON",2018-11-27,22.58,24.98,20.62,21.89,25.2,31.23,53.51,46.43,36.77,33.84,34.06,29.94,29.64,29.49,28.66,28.73,32.58,41.99,35.67,35.16,31.94,29.19,25.7,20.58
"1063","HB_HOUSTON",2018-11-28,18.93,17.39,16.5,15.89,16.32,21.63,42.74,35.56,33.36,28.1,27.1,28.79,25.94,25.73,25.52,24.83,24.89,40.83,29.61,25.41,21.87,19.21,18.02,16.86
"1064","HB_HOUSTON",2018-11-29,15.41,12.4,12.25,16.73,15.8,18.62,25.76,24.96,27.47,31.69,34.43,35,34.99,35.11,34.57,34.46,38.56,53.97,40.28,32.41,30.19,26.44,22.05,18.32
"1065","HB_HOUSTON",2018-11-30,20.31,18.02,18.36,19.04,19.92,22.27,29.72,27.46,30.17,33.43,32.97,34.23,31.97,32.9,30,28.85,28.92,36.95,29.1,27.27,24.42,24.14,22.01,20.68
"1066","HB_HOUSTON",2018-12-01,17.54,15.87,13.67,12.09,13.58,14.91,16.14,18.94,20.14,21.64,22.27,22.14,23.22,22.77,24.77,25.14,28.24,56.47,40.23,32.02,24.52,23.47,23.33,20.73
"1067","HB_HOUSTON",2018-12-02,22.05,21.28,21.18,21.55,25.46,27.73,29.51,29.32,32.7,38.01,35.66,34.61,28.62,29.23,29.17,30.51,33.01,60.02,42.2,35.76,32.74,31.85,32.07,30.68
"1068","HB_HOUSTON",2018-12-03,27.72,25.21,23.85,24.49,27.6,30.87,38.39,37.97,33.19,33.32,31.74,33.49,32.77,32.12,30.87,30.96,31.26,52.86,43.05,36.74,36.22,34.48,31.67,31.83
"1069","HB_HOUSTON",2018-12-04,28.26,28.01,26.11,27.57,25.86,36.8,66.59,51.39,40.51,39.97,33.54,31.47,30.85,29.54,28.12,27.93,29.3,56.44,49.07,41.69,42.33,37.52,31.56,29.72
"1070","HB_HOUSTON",2018-12-05,28.35,28.19,28.42,28.09,27.45,35.07,62.2,44.71,38.97,41.48,36.61,37.55,32.86,27.81,24.81,27.73,28.55,45.58,37.85,28.63,26.35,24.36,23.42,21.45
"1071","HB_HOUSTON",2018-12-06,21.88,24.93,20.65,19.75,23.29,32.45,48.94,45.29,35.55,39.73,39.13,35.45,34.94,33.77,30.14,29.38,33.02,55.42,42.48,38.87,36.73,36.42,32.83,28.63
"1072","HB_HOUSTON",2018-12-07,32.05,31.89,29.85,29,29.76,34.22,39.45,37.21,35.91,38.72,37.57,38.65,36.31,35.84,33.76,33.81,35.51,57.57,47.33,39.45,37.27,36.12,34.83,32.88
"1073","HB_HOUSTON",2018-12-08,32,29.83,27.07,27.17,27.57,28.77,30.4,30.52,35.43,44.05,43.8,42.86,37.69,37.22,37.09,38.44,41.14,67.5,60.01,51.59,46.17,44.35,39.55,37.34
"1074","HB_HOUSTON",2018-12-09,37.17,36.05,32.88,33.09,33.8,37.51,44.47,42.78,59.11,55.57,48.23,43.05,38.65,34.98,32.64,32.48,38.64,64.84,65.11,58.94,56.97,46.14,43.31,38.4
"1075","HB_HOUSTON",2018-12-10,32.5,32.04,31.27,31.38,34.8,46.52,116.17,72.71,53.62,45.57,42.43,39.3,36.91,35.21,32.89,32.22,34.59,60.28,55.82,43.77,39.09,35.46,32.51,30.27
"1076","HB_HOUSTON",2018-12-11,26.26,25.23,23.33,23.54,26.05,30.49,56.31,39.46,33.42,33.88,32.53,28.88,29.24,27.38,26.22,25.66,25.54,40.02,33.94,31.86,30.79,27.69,23.67,22.84
"1077","HB_HOUSTON",2018-12-12,25.26,26.47,30.32,28.98,29.4,33.04,41.92,37.52,38.83,40.86,37.82,36.12,32.32,36.44,33.14,30.49,30.91,51.57,34.85,32.97,31.45,27.71,23.52,19.05
"1078","HB_HOUSTON",2018-12-13,17.83,17.17,17,16.35,17.84,20.15,46.05,35.66,28.6,28.54,27.38,28.93,27.54,27.56,27.79,25.19,28.21,47.85,40.56,36.3,34.96,31.59,25.82,21.99
"1079","HB_HOUSTON",2018-12-14,21.81,21.49,21.39,21.24,21.45,24.89,40.53,39.12,36.88,35.2,32.19,31.23,30.79,30.89,28.71,30.2,31.78,57,46.83,41.33,36.2,35.67,33.55,35.68
"1080","HB_HOUSTON",2018-12-15,29.17,27.83,27.14,27.94,29.92,31.26,34.22,40.32,44.85,40.31,32.48,33.25,29.66,28.46,26.88,26.36,27.36,40.1,34.52,29.4,29.05,29.07,28.29,27.66
"1081","HB_HOUSTON",2018-12-16,26.11,24.4,25.32,27.26,28.41,26.78,33.19,31.05,34.59,36.95,32.39,28.79,28.59,26.65,25.89,25.5,25.81,51.28,37.15,35.98,32.16,29.56,29.32,28.61
"1082","HB_HOUSTON",2018-12-17,27.38,26.42,26.54,28.15,30.18,32.45,43.88,47.64,44.54,41.33,36.41,32.31,28.73,26.89,26.42,25.84,27.77,56.55,34.43,32.12,29.11,29.85,29.22,26.33
"1083","HB_HOUSTON",2018-12-18,22.63,22.68,21.98,22.28,24.11,26.14,35.26,34.06,32.96,33,28.6,27.47,25.53,25.16,25.1,25.12,26.99,52.47,38.66,29.24,29.51,28.04,26.49,24.37
"1084","HB_HOUSTON",2018-12-19,30.7,29.16,26.23,26.04,28.18,30.35,46.09,36.19,38.25,33.41,30.56,29.06,28.7,26.55,25.09,24.92,27.18,41.84,30.14,28.33,28.13,26.89,25.34,22.67
"1085","HB_HOUSTON",2018-12-20,21.91,19.26,16.99,15.88,17.58,20.08,28.57,31.98,30.83,28.76,25.54,24.91,24.43,24.47,23.47,23.28,26.05,45.46,35.59,35.57,31.79,30.18,29.23,25.84
"1086","HB_HOUSTON",2018-12-21,29.07,30.8,30.38,29.24,29.04,34.58,68.54,48.78,39.46,34.4,30.24,28.89,30.77,29.8,26.87,25.21,26.49,39.84,32.09,29.69,30.78,29.23,24.98,24.31
"1087","HB_HOUSTON",2018-12-22,22.07,21.16,20.3,20.55,23.55,25.35,26.51,27.56,30.09,28.25,28.84,28.78,26.95,26.41,25.21,25.62,28.89,51.41,35.72,30.4,28.71,30.06,26.37,24.41
"1088","HB_HOUSTON",2018-12-23,23.07,20.25,17.96,18.5,20.74,23.58,26.03,27.06,30.14,35.32,32.26,30.4,28.27,25.52,23.9,23.23,25,52.92,53.55,32.18,30.61,29.24,26.42,23.61
"1089","HB_HOUSTON",2018-12-24,24.89,21.77,20.34,19.7,20.46,21.57,27.26,31.77,36.38,35.05,30.63,27.18,24.82,24.9,24.1,24.97,27.81,43.83,32.53,31.24,26.52,25.33,24.01,22.91
"1090","HB_HOUSTON",2018-12-25,22.56,21.16,21.51,22.26,24.54,24.02,27.33,29.49,35.75,35.85,32.28,26.59,23.55,22.86,20.65,20.36,20.35,26.7,22.29,20.89,20.47,19.57,17.37,14.2
"1091","HB_HOUSTON",2018-12-26,14.89,12.32,10.58,10.71,12.03,14.77,20.55,19.75,21.15,21.41,21.12,22.12,21.45,21.51,21.38,21.99,25.16,33.3,31.89,27.88,24.55,24.32,20.93,18.61
"1092","HB_HOUSTON",2018-12-27,12.37,9.65,6.85,7.16,9.99,13.67,18.34,20.71,21.81,20.96,21.8,22.99,22.37,23.73,23.16,23.77,27.74,53.03,37.35,29.21,25.98,24.85,24.71,22
"1093","HB_HOUSTON",2018-12-28,19.71,19.32,18.73,18.75,20.18,21.65,28.65,31.87,30.21,27.19,24.31,22.56,21.82,21.14,21.06,20.17,20.86,35.34,29.55,25.43,23.19,24.2,22.99,22.26
"1094","HB_HOUSTON",2018-12-29,20.71,20.84,21.05,21.09,21.7,24.25,23.54,24,26.67,32.26,30.51,29.11,28.04,25.82,25.86,25.22,26.92,53.47,48.28,34.89,32.56,30.97,25.86,24.16
"1095","HB_HOUSTON",2018-12-30,23.71,23.05,23.7,22.4,21.65,22.07,23.13,25.07,28.91,33.68,31.78,29.08,27.47,26.17,24.62,23.32,24.45,43.33,38.67,28.28,23.89,23.87,23.81,22.08
"1096","HB_HOUSTON",2018-12-31,19.76,18.6,17.42,16.71,16.82,17.84,21.75,21.81,20.91,20.66,20.87,20.33,20.25,21.06,21.29,21.67,22.63,33.42,29.19,27.31,24.94,22.5,22.03,20
"1097","HB_HOUSTON",2019-01-01,20.12,19.62,19.22,18.81,20.71,22.1,23.23,23.41,24.17,24.11,24.32,25.14,24.12,22.84,22.77,22.56,23.45,30.6,34.11,29.45,27.71,26.09,24.36,23.11
"1098","HB_HOUSTON",2019-01-02,22.86,22.36,22.34,21.95,23.66,26.97,37.51,37.23,34.86,38.04,39.42,36.66,33.92,34.16,34.19,33.7,35.49,62.72,64.47,38.81,38.02,33.61,29.5,24.85
"1099","HB_HOUSTON",2019-01-03,25.15,23.12,23.71,23.17,22.65,28.07,54.11,38.92,34.45,34.45,32.61,29.68,27.73,26.25,23.67,24.3,26.97,41.2,43.63,33.62,32.75,28.6,26.22,22.89
"1100","HB_HOUSTON",2019-01-04,21.43,21.62,20.52,21.27,22.33,27.24,54.33,45.61,35.94,32.2,28.76,26.22,23.68,22.99,21.52,21.04,22.63,34.86,32,25.66,26.26,26.73,23.5,22.22
"1101","HB_HOUSTON",2019-01-05,20.9,19.86,19.69,19.22,20.1,22.02,24.44,27.55,30.64,30.01,24.87,23.11,22.45,21.7,20.6,19.8,19.9,24.17,21.75,20.53,20.25,19.63,20.05,17.91
"1102","HB_HOUSTON",2019-01-06,17.56,16.63,16.66,16.53,18.07,18.97,18.32,19.91,22.39,22.49,20.27,18.85,18.07,17.63,17,17.15,17.66,21.93,21.76,20.02,18.51,17.48,16.75,16.36
"1103","HB_HOUSTON",2019-01-07,13.25,12.55,13.53,13.45,16.34,19.97,20.2,23.15,22.32,22.68,22.43,22.7,23.22,23.44,22.68,22.69,23.04,40.8,31.84,23.11,23.04,23.12,21.45,19.22
"1104","HB_HOUSTON",2019-01-08,16.16,15.81,15.57,17.06,18.3,21.01,23.64,26.57,25.21,22.5,23.55,21,22,22.31,21.93,21.52,21.88,41.5,32.26,25.38,24.65,25.22,22.12,21.43
"1105","HB_HOUSTON",2019-01-09,19.25,18.82,19.88,19.19,20.91,21.5,34.05,29.75,26.57,26.66,23.75,22.85,22.37,21.36,20.63,20.53,21.26,29.94,32.11,24.75,24.66,24.24,22.72,21.48
"1106","HB_HOUSTON",2019-01-10,18.05,17.93,17.47,18.12,19.07,20.49,36.74,27.98,24.01,22.54,22.31,21,20.5,20.36,19.41,19.27,19.98,26.67,25.5,22.61,22.57,22.83,20.96,19.36
"1107","HB_HOUSTON",2019-01-11,18.45,19.2,18.47,18.09,20.08,21.13,25.21,24.36,23.33,22.74,22.56,21.88,20.63,20.37,19.97,20.29,20.55,29.45,29.16,24.66,22.48,22.27,20.17,19.85
"1108","HB_HOUSTON",2019-01-12,20.34,19.67,18.44,17.92,18.85,18.46,20.03,20.63,21.68,22.26,21.64,21.56,21.18,21.16,21.45,21.05,21.71,30.5,37.41,30,28.26,26.78,22.26,21.51
"1109","HB_HOUSTON",2019-01-13,22.76,21.71,22.2,21.83,23.49,24.56,25.35,28.23,35.5,32.52,30.65,26.53,25.79,23.15,21.24,21.33,22.9,37.88,50.78,37.65,31.84,29.52,25.7,24.84
"1110","HB_HOUSTON",2019-01-14,23.17,22.51,21.77,23.68,24.96,29.96,66.04,49.98,33.44,30.86,28.07,27.46,25.42,24.2,22.49,21.93,24.08,34.27,36.3,28.6,26.34,24.61,22.37,21.5
"1111","HB_HOUSTON",2019-01-15,20.43,20.6,20.69,20.27,21.79,25.52,41.44,34.92,30.9,33.66,32.07,30.17,28.26,23.98,22.71,22.67,23.58,37.78,36.07,28.46,27.03,24.79,24.87,23.01
"1112","HB_HOUSTON",2019-01-16,22.92,22.65,22.56,22.15,23.27,23.46,40.46,35.44,33.7,31.09,28.52,26.07,25.93,25.06,24.32,23.98,23.37,34.72,31.99,26.81,27.47,25.97,23.73,22.28
"1113","HB_HOUSTON",2019-01-17,19.21,18,18.47,18.25,23.5,23.29,29.28,27.13,27.76,31.15,31.69,33.45,30.69,29.23,27.87,27.42,27.64,44.41,38.1,28.54,28.82,26.33,24.22,21.93
"1114","HB_HOUSTON",2019-01-18,18.31,16.39,16.37,15.57,16.96,23.37,33.17,30.41,26.69,27.41,26.53,25.77,23.72,23.45,24.05,22.76,23.07,32,26.59,23.12,22.79,21.64,18.02,15.84
"1115","HB_HOUSTON",2019-01-19,15.73,15.35,15.22,15.19,16.77,17.52,20.32,23.3,27.54,25.39,25.89,26.44,24.81,24.05,24.39,23.95,24.15,37.08,54.86,45.79,39.96,35.46,32.27,28.84
"1116","HB_HOUSTON",2019-01-20,25.11,25.64,23.63,23.62,24.5,25.58,39.87,44.96,50.4,37.14,29.39,27.1,25.68,24.13,23.01,21.2,21.18,25.56,31.69,29.24,28.18,25.92,21.94,21.06
"1117","HB_HOUSTON",2019-01-21,19.27,19.8,18.96,19.41,20.68,20.74,37.04,33.93,28.81,25.11,23.84,21.21,20.72,22.97,22.78,21.41,22.66,27.36,26.32,24.66,23.53,20.54,17.82,15.9
"1118","HB_HOUSTON",2019-01-22,10.42,10.38,9.09,8.64,10.77,17.08,26.84,25.1,23.46,23.57,24.03,23.58,23.66,22.51,23.93,22.87,23.55,27.91,29.2,25.46,25.3,25.03,21.05,19.23
"1119","HB_HOUSTON",2019-01-23,18.07,19.14,20.21,22.39,25.71,24.11,37.73,36.11,35.92,32.05,31.45,27.3,26.08,22.09,21.52,21.58,22.09,33.32,50.7,40.18,34.9,27.32,25.11,23.52
"1120","HB_HOUSTON",2019-01-24,20.2,20.24,19.78,19.94,21.56,29.69,74.76,47.59,31.33,26.95,24.66,21.47,20.52,20.34,20.56,19.94,20.2,28.57,32.64,24.1,24.19,26.15,22.63,21.25
"1121","HB_HOUSTON",2019-01-25,22.4,22.84,23.44,26.87,23.8,30.22,64.98,51.48,36.47,33.41,28.18,27.21,25.92,23.88,21.77,21.49,22.95,32.33,43.3,34.91,29.81,28.73,23.38,23.01
"1122","HB_HOUSTON",2019-01-26,22.65,20.86,20.67,20.66,21.54,22.83,27.16,31.08,33.5,37.14,31.35,26.66,23.76,22.1,21.58,20.03,20.55,26.69,35.47,26.43,26.19,25.47,22.9,22.42
"1123","HB_HOUSTON",2019-01-27,24.37,23.53,21.22,20.88,20.93,21.52,25.69,28.05,33.42,37.16,29.44,28.04,22.26,21.05,19.87,19.29,19.4,25.78,35.53,24.04,23.06,20.94,21.19,18.46
"1124","HB_HOUSTON",2019-01-28,14.46,12.22,10.18,10.28,13.4,18.93,29.99,31.35,26.76,24.19,23.02,21.74,19.57,19.84,18.83,19.21,19.7,22.19,26.6,22.83,24.35,29.93,31.73,30.99
"1125","HB_HOUSTON",2019-01-29,29.21,28,27.22,30.11,32.01,34.37,73.86,58.14,42.22,37.32,34.79,30.11,27.08,22.35,21.16,20.86,21.33,26.5,40.59,27.21,26.01,24.36,22.97,22.63
"1126","HB_HOUSTON",2019-01-30,21.02,21,20.5,21.43,21.89,28.19,55.6,47.07,35.32,30.89,24.72,23.34,22.28,21.01,19.83,19.41,19.91,25.66,31.18,23.74,23.2,21.65,19.76,19.83
"1127","HB_HOUSTON",2019-01-31,18.55,17.88,17.69,15.68,20.3,20.41,33.69,31.96,23.36,22.05,20.58,20.08,19.45,19.63,19.51,19.43,19.87,28.13,31.76,22.45,22.5,21.36,20.59,19.53
"1128","HB_HOUSTON",2019-02-01,21.86,21.23,21.14,21.62,21.6,22.27,41.28,32.17,31.34,30.49,26.05,24.25,22.95,21.87,21.74,21.32,21.27,27.47,27.79,22.23,21.98,21.33,20.01,18.84
"1129","HB_HOUSTON",2019-02-02,18.87,17.83,17.18,16.8,17.68,18.81,19.71,20.36,24.91,25.79,29.45,25.62,21.65,20.6,20.53,20.26,20.61,28.57,29.91,21.3,19.73,18.38,16.94,15.1
"1130","HB_HOUSTON",2019-02-03,12.44,7.44,5.98,6.76,7.83,10.52,15.8,15.52,19.67,20.06,17.38,18.22,17.49,17.62,17.69,18.01,19.47,22.65,29.41,20.8,18.94,17.22,13.34,10.7
"1131","HB_HOUSTON",2019-02-04,7,5.73,6.41,7.99,10.87,17.57,22.24,22.08,23.05,23.19,23.2,25.87,23.51,25.15,23.8,22.88,22.48,30.78,35.31,22.83,21.06,19.53,18.16,15.49
"1132","HB_HOUSTON",2019-02-05,10.43,7.04,7.1,8,11.65,16.38,19.45,19.22,18.36,19.01,19.42,20.05,19.78,19.02,18.39,19.74,20.75,30.31,37.1,22.36,20.5,19.57,17.82,13.29
"1133","HB_HOUSTON",2019-02-06,9.85,7.23,6.9,8.74,11.69,15.71,19.96,20.42,20.93,21.92,23.22,21.99,22,21.24,20.71,20.17,20.98,25.34,34.08,22.44,21.35,18.92,17.39,13.39
"1134","HB_HOUSTON",2019-02-07,8.43,6.15,5.47,5.71,6.58,12.94,20.18,19.56,19.92,20.03,20.16,20.54,21.46,21.65,20.06,20.53,20.25,24.8,40.92,30.8,22.49,22.24,21.46,19.48
"1135","HB_HOUSTON",2019-02-08,19.39,19.05,19.39,20.56,22.24,24.61,52.43,47.9,41.17,39.58,34.91,30.77,25.05,21.25,19.81,19.34,20.73,23.98,43.69,26.98,25.92,22.28,21.95,21.81
"1136","HB_HOUSTON",2019-02-09,22.4,21.91,20.93,20.84,21.65,22.27,25.45,27.85,39.03,43.72,40,30.13,24.02,20.31,20.23,19.48,19.28,26,38.32,24.57,24.63,21.6,21.19,20.27
"1137","HB_HOUSTON",2019-02-10,17.98,19.17,16.83,17.95,17.8,18.73,20.84,21.42,26.64,31.81,30.53,25.84,23.65,20.78,20.16,20.29,20.17,22.76,30.66,21.05,19.82,18.46,18.56,17.3
"1138","HB_HOUSTON",2019-02-11,17.07,14.68,15.72,15.12,16.5,17.4,25.65,24.95,24.57,23.72,22.05,21.04,19.6,19.57,18.77,18.66,18.55,20.82,33.82,24.78,25.18,20.03,18.39,15.91
"1139","HB_HOUSTON",2019-02-12,14.76,15.81,16.44,17.37,17.65,18.68,28.53,26.44,26.66,26.5,24.43,23.87,22.28,21.69,20.63,20.01,20.79,25.59,45.61,26.24,22.62,21.8,19.22,19.72
"1140","HB_HOUSTON",2019-02-13,16.02,14.91,16.36,15.35,17.38,18.36,39.79,33.23,25,22.81,21,19.17,17.89,17.88,17.57,18.58,16.92,18.72,28.86,23.26,22.14,19.04,17.23,15.95
"1141","HB_HOUSTON",2019-02-14,13,11.58,10.82,11.7,11.68,16.28,21.83,21.8,20.4,20.62,20.18,20.76,20.24,19.04,19.37,20.09,21,27.48,45.86,25.78,22.77,20.11,19.02,18.33
"1142","HB_HOUSTON",2019-02-15,16.69,15.2,14.25,15.56,17.04,17.45,20.5,19.72,18.96,19.55,19.46,21.42,22.52,22.85,24.36,25.76,28.5,35.93,57.38,28.62,23.61,23.25,21.3,20.2
"1143","HB_HOUSTON",2019-02-16,19.4,19.21,18.9,19.75,19.59,20.89,22.81,24.59,33.9,34.83,26.92,22.69,19.93,19.65,18.09,17.78,17.58,19.54,23.72,19.88,18.87,18.44,17.98,17.23
"1144","HB_HOUSTON",2019-02-17,16.5,16.81,16.89,17.35,17.28,17.33,19.75,21.76,22.99,22.72,22.88,24.08,23.01,21.03,19.43,19.22,19.22,23.97,39.16,22.6,20.24,18.97,17.99,17.57
"1145","HB_HOUSTON",2019-02-18,15.12,15.07,14.49,15.25,16.84,19,31.47,30.77,28.18,27.46,23.83,23.43,21.33,19.8,18.8,18.4,17.91,21.78,27.92,21.66,21.18,21.07,19.68,18.29
"1146","HB_HOUSTON",2019-02-19,17.47,17.96,18.9,18.84,19.82,21.39,30.55,29.56,28.43,28.5,30.83,27.83,26.65,27.15,27.06,27.63,29.48,33.29,51.56,35.19,32.22,29.73,25.09,23.17
"1147","HB_HOUSTON",2019-02-20,22.37,20.03,18.42,17.41,18.71,20.48,42.93,26.78,24,22.27,22.06,20.09,19.84,19.07,18.71,19.06,19.62,23.07,38.91,26.34,24.81,23.98,20.33,18.75
"1148","HB_HOUSTON",2019-02-21,14.94,16.7,16.69,14.94,16.56,18.24,36.47,28.5,22.51,21.74,20.68,19.54,18.56,17.86,17.68,17.57,18.64,20.86,25.05,21.54,21.33,20.31,19.17,17.88
"1149","HB_HOUSTON",2019-02-22,18.75,18.46,19.25,18.89,19.03,20.97,40.44,32.99,30.39,30.86,28.96,25.94,22.57,22.46,21.19,20.18,20.17,21.07,23.57,20.64,20.01,19.03,17.02,15.68
"1150","HB_HOUSTON",2019-02-23,13.26,7.29,7.38,8.26,10.8,14.49,17.88,19.18,18.57,18.34,17.73,16.69,16.41,15.45,15.43,16.16,15.82,18.06,23.34,25,28.43,31.13,23.41,20.78
"1151","HB_HOUSTON",2019-02-24,21.57,20.7,20.85,20.66,20.63,21.6,24.53,28.04,38.9,36.1,27.09,22.91,22.18,20.86,20.07,18.96,18.95,20.72,24.7,19.76,19.68,17.88,18.05,16.82
"1152","HB_HOUSTON",2019-02-25,12.21,14.24,12.92,14.08,16.32,17.43,31.44,30,24.99,20.56,18.63,16.99,17.06,17.01,16.71,16.92,17.2,20.45,26.69,20.65,19.91,18.6,15.88,16.13
"1153","HB_HOUSTON",2019-02-26,16.06,11.66,11.88,14.26,17.19,16.84,22,20.87,21.35,21.77,22.02,22.09,23.14,22.55,22.3,21.7,21.7,24.4,40.98,21.79,20.65,19.46,18.73,16.6
"1154","HB_HOUSTON",2019-02-27,15.5,14.06,15.56,15.54,18.27,18.5,23.52,21.37,21.39,22.48,22.6,23.35,23.59,23.4,22.45,22.88,22.62,23,38.6,26.15,22.86,22.89,20.81,19.46
"1155","HB_HOUSTON",2019-02-28,19.51,19.21,20,19.82,19.77,22.39,41.78,31.53,31.61,32.65,33.18,31.86,27.39,25.11,23.41,22.61,24.19,28.04,41.56,26.57,24.1,21.74,20.16,19.08
"1156","HB_HOUSTON",2019-03-01,19.25,19.22,19.08,18.41,19.16,21.99,40.18,29.47,27.03,35.61,27.08,25.16,25.1,25.08,22.49,22.65,22.53,24.35,41.78,25.92,26.05,25.8,20.66,20.7
"1157","HB_HOUSTON",2019-03-02,20.18,18.98,18.14,18.53,19.29,19.97,21.62,23.97,26.89,33.68,30.3,28.42,25.86,23.6,22.79,23.1,20.84,22.97,28.6,23.76,23.67,23.4,22.13,21.22
"1158","HB_HOUSTON",2019-03-03,22.78,21.56,21.34,19.51,21.18,17.17,20.63,21.3,21.4,21.9,21.66,22.16,23.23,22.82,22.63,22.61,23.46,25.19,29.84,30.82,31.63,31.6,24.63,24.01
"1159","HB_HOUSTON",2019-03-04,20.83,21.8,22.22,22.55,26.74,33.83,67.43,63.54,57.81,60.31,54.21,49.92,41.9,38.77,36.17,37.15,40.05,85.72,154.74,108.52,83.99,53.14,37.44,29.81
"1160","HB_HOUSTON",2019-03-05,30.43,31.84,34.98,32.76,38.41,62.01,651,544.67,206.35,75.02,48.26,42.17,35.12,29.82,28.1,28.6,29.67,33.61,49.55,45.3,38.16,34.44,32.99,31.51
"1161","HB_HOUSTON",2019-03-06,24.47,25.63,25.65,25.09,27.71,35.93,94.74,51.11,34.52,32.1,29.06,25.31,23.08,21.21,20.39,19.69,20.57,22.53,31.92,29.7,24.53,23.36,21.54,20.92
"1162","HB_HOUSTON",2019-03-07,16.61,16.18,14.88,15.02,16.38,19.72,31.12,32.57,29.76,28.06,25.44,23.5,22,19.64,19.74,19.2,19.53,19.57,23.75,21.74,21.85,20.77,14.88,14.5
"1163","HB_HOUSTON",2019-03-08,12.86,12.56,12.2,13.83,15.6,19.42,24.56,22.2,23.64,28.65,34.67,34.05,28.37,26.99,24.1,26.49,24.62,24.63,25.35,24.27,22.34,20.67,16.71,13.49
"1164","HB_HOUSTON",2019-03-09,14.71,14.48,14.18,12.61,11.91,14.71,15.06,16.19,22.37,23.88,26.67,28.1,30.8,27.83,28.42,31.43,35.93,35.34,43.76,43.89,29.6,28.42,27.19,22.46
"1165","HB_HOUSTON",2019-03-10,25.45,20.08,NA,18.8,19.16,18.84,21.5,22.32,25.95,26.56,27.5,28.18,28.54,28.4,25.1,25.08,28.63,27.96,33.63,45.15,33.24,28.45,24.52,22.5
"1166","HB_HOUSTON",2019-03-11,18.62,18.5,18.97,18.32,19.09,22.18,32.61,35.81,29.11,31.59,36.92,37.98,30.62,30.44,28.03,28.25,29.53,29.93,43.56,45.99,32.69,27.45,22,21.04
"1167","HB_HOUSTON",2019-03-12,20.38,19.74,18.39,17.93,18.05,19.4,30.68,31.79,27.79,37.66,28.28,26.62,26.4,26.06,23.67,21.91,20.96,20.75,24.69,24.48,23.22,20.25,19.09,16.31
"1168","HB_HOUSTON",2019-03-13,11.72,10.86,10.28,10.27,10.5,12.8,19.19,21.26,21.04,21.64,22.65,23.15,22.82,28.71,27.52,28.47,29.13,26.43,34.73,28.49,26.61,20.88,18.87,13.93
"1169","HB_HOUSTON",2019-03-14,16.31,14.88,12.94,12.97,15.97,19.16,27.48,29.8,29.15,27.65,27.37,28.27,25.38,25.8,25.79,25.27,26.86,27.89,34.84,46.33,37.94,26.54,22.42,20.65
"1170","HB_HOUSTON",2019-03-15,17.61,16.48,16.2,14.8,16.59,19.48,30.99,32.84,30.55,32.06,28.54,25.56,24.25,24.44,23.65,24.22,24.5,27.86,33.88,44.21,45.04,33.08,25.54,22.65
"1171","HB_HOUSTON",2019-03-16,25.82,23.9,23,22.01,21.87,24.52,30.79,34.5,47.41,56.81,46.59,36.43,31.03,25.51,24.67,24.33,23.61,25.76,30.76,40.17,37.47,30.94,28.36,25.39
"1172","HB_HOUSTON",2019-03-17,23.6,22.92,21.31,21.18,21.86,22.24,25.53,31.47,43.07,47.88,35.56,29.84,25.21,23.14,21.82,21.71,21.52,24.64,27.24,38.32,35.03,27.21,24.75,21.13
"1173","HB_HOUSTON",2019-03-18,20.97,19.71,20.22,21.02,22.76,33.27,80.78,75.12,49.24,48.29,43.39,38.72,29.63,27.4,26.63,26.41,25.04,26.48,28.14,28.23,31,23.99,24.94,21.26
"1174","HB_HOUSTON",2019-03-19,15.67,15.21,14.88,15.3,16.62,20.74,37.87,47.21,34.71,32.48,29.29,25.17,23.94,22.82,24.84,24.77,25.4,24.75,30.81,31.95,29.81,25,21.59,18.43
"1175","HB_HOUSTON",2019-03-20,14.88,15.21,16.37,16.44,19.31,22.51,34.5,37.48,31.16,29.29,28.42,27.07,25.54,25.65,27.01,27.53,31.86,33.64,42.87,54.53,51.66,29.65,27.71,24.74
"1176","HB_HOUSTON",2019-03-21,20.13,19.04,19.61,18.76,20,23.02,47.36,50.48,36.05,36.79,30.57,29.06,25.76,26.62,26.78,28.74,31.54,31.71,34.04,41.36,39.36,26.33,24.01,20.29
"1177","HB_HOUSTON",2019-03-22,15.06,13.57,14.03,13.89,16.17,19.26,29.04,24.88,24.5,27.67,22.76,22.43,22.65,23.56,23.58,24,24.74,23.7,21.8,22.75,22.52,20.41,19.19,14.91
"1178","HB_HOUSTON",2019-03-23,12.84,11.89,11.66,12.26,13.7,15.19,17.9,19.54,22.77,23.34,23.49,23.67,22.57,23.53,23.24,23.18,23.18,24.42,24.55,33.79,29.11,22.77,20.63,19.11
"1179","HB_HOUSTON",2019-03-24,15.1,13.34,11.56,10.81,12.53,13.54,14.24,15.97,20.03,21.13,24.36,25.79,26.88,27.79,28.08,31.07,38.01,36.32,37.77,46.35,43.68,27.97,26.26,22
"1180","HB_HOUSTON",2019-03-25,19.73,18.76,19.15,18.52,19.77,22.57,29.56,28.26,29.19,28.03,30.78,31.39,33.32,33.98,41.08,47.28,57.94,43.95,42.82,42.76,42.28,30.21,23.8,21.21
"1181","HB_HOUSTON",2019-03-26,15.43,14.52,15.75,14.88,15.27,18,24.29,23.81,24,25.15,23.95,24.01,24.15,24.62,25.46,26.75,29.91,27.78,26.84,26.94,26.33,22.01,18.96,16
"1182","HB_HOUSTON",2019-03-27,13.37,10.1,9.45,10.01,12.88,16.8,34.34,22.79,21.88,26.29,19.48,19.14,18.77,20.39,20.58,20.87,21.48,21.26,21,20.97,23.3,19.53,14.51,10.87
"1183","HB_HOUSTON",2019-03-28,10.32,9.61,8.46,8.18,10.3,14.4,20.03,20.34,19.92,20.46,20.55,21.11,21.83,21.68,23.56,23.36,23.7,23.6,22.87,22.64,22.44,21.44,19.57,15.25
"1184","HB_HOUSTON",2019-03-29,11.24,9.24,8.91,9.2,10.89,14.97,22.77,23.31,22.19,20.63,21.7,22.51,23.02,24.22,28.07,31.63,38.64,29.77,25.71,35.27,23.94,20.32,20.37,15.05
"1185","HB_HOUSTON",2019-03-30,11.44,10.58,10.08,8.93,12.89,11.38,9.58,11.82,15.18,18.53,20.83,22.16,21.31,21.02,22.45,20.97,20.12,19.95,20.47,24.76,32.65,21.42,20.53,19.48
"1186","HB_HOUSTON",2019-03-31,19.41,18.65,17.88,18.21,18.52,18.48,20.25,22.12,24.33,28.86,28.63,28.23,26.6,24.46,21.69,21.38,22.99,25.28,27.97,39.53,47.04,30.36,25.7,25.19
"1187","HB_HOUSTON",2019-04-01,22.08,21.5,21.5,22.41,23.95,32.97,90.64,74.7,50.07,42.79,32.51,30.21,26.05,25.61,23.88,23.57,24.45,25.99,30.91,41.16,37.53,23.93,20.88,19.32
"1188","HB_HOUSTON",2019-04-02,16.47,14,12.84,12.82,15.17,22.53,40.99,35.97,24.9,23.35,20.84,20.18,19.83,21.2,21.92,21.16,22.95,21.3,20.4,20.85,22.49,19.79,17.16,13.73
"1189","HB_HOUSTON",2019-04-03,10.33,8.52,6.99,7.12,7.86,16.76,32.12,23.47,21.36,22.41,22.16,21.83,21.47,22.77,22.22,22.96,22.41,20.79,21.45,23.07,27,20.78,15.83,10.58
"1190","HB_HOUSTON",2019-04-04,13.84,12.31,9.37,9.64,13.01,17.81,22.6,26.22,24.44,20.76,22.36,28.18,30.59,37.5,41.48,61.91,88.35,63.54,39.12,45.32,37.12,24.62,27.66,21.2
"1191","HB_HOUSTON",2019-04-05,18.98,17.58,16.81,14.37,16.71,18.79,23.36,21.7,22.34,25.88,26.21,24.07,25.33,28.13,33.74,35.2,37.98,29.79,22.9,23.71,22.9,19.84,19.93,19.11
"1192","HB_HOUSTON",2019-04-06,17.37,17.24,15.98,15.39,18.09,20.36,19.18,18.44,20.14,22.16,24,23.58,22.06,21.47,24.16,25.11,28.79,28.27,27.86,28,28.15,19.74,19.73,18.58
"1193","HB_HOUSTON",2019-04-07,19.26,17.94,17.11,16.47,16.99,18.18,18.23,19.42,20.79,21.53,22.74,23.2,22.39,22.61,25.63,25.81,28.79,31.06,30.34,36.93,42.76,28.01,27.45,21.5
"1194","HB_HOUSTON",2019-04-08,18.98,17.97,17.47,17.58,18.79,21.75,26.57,21.01,22.08,25.99,27.35,31.74,32.96,37.96,48.2,76.66,96.95,83.57,50.76,50.15,43.81,32.81,27.26,21.45
"1195","HB_HOUSTON",2019-04-09,20.3,18.69,16.85,16.25,16.98,19.29,21.18,20.67,20.41,23.99,27.09,29.48,31.15,37.9,47.5,94.47,106.31,100.62,40.82,31.5,23.86,21.45,21.01,18.17
"1196","HB_HOUSTON",2019-04-10,16.14,13.48,10.66,9.37,9.87,13.66,22,19.72,18.56,19.85,21.76,24.51,26.37,30.65,35.76,60.24,80.86,61.97,44.12,33.27,31.85,26.14,23.79,21.22
"1197","HB_HOUSTON",2019-04-11,15.85,11.13,8.58,8.14,8.62,14.67,24.64,19.88,19.22,20.53,24.12,25.76,26.08,28.22,35.18,38.5,53.95,44.63,31.16,36.63,34.76,23.74,22.49,20.06
"1198","HB_HOUSTON",2019-04-12,19.32,17.81,16.44,16,17.24,24.34,27.58,21.98,21.93,24.85,24.24,23.44,23.59,26.02,31.37,33.43,47.13,31.89,23.9,22.21,21.88,21.31,21.14,19.47
"1199","HB_HOUSTON",2019-04-13,17.26,16.17,14.08,12.7,12.89,14.92,17.23,17.87,19.23,21.49,23,22.26,22.08,22.05,22.9,25.43,25.31,24.21,23.79,25.9,26.8,22.45,19.56,16.88
"1200","HB_HOUSTON",2019-04-14,17.41,17.1,16.75,16.75,17.34,18.84,22.36,23.28,29.01,31.24,29.67,28.69,23.92,23.12,21.67,21.11,21.8,21.92,22.19,24.87,23.56,19.56,16.64,12.62
"1201","HB_HOUSTON",2019-04-15,9.89,9.09,6.99,7.94,9.22,12.18,20.78,19.68,17.79,18.6,17.67,17.43,17.37,19.02,21.15,22.69,25.64,28.42,26.7,22.91,23.79,18.72,13.12,8.6
"1202","HB_HOUSTON",2019-04-16,9.23,6.91,6.68,6.98,8.16,11.14,17.78,18.41,17.77,20.35,20.6,20.68,20.85,22.97,22.68,27.07,25.63,24,22.79,21.97,22.79,21.26,18.46,11.87
"1203","HB_HOUSTON",2019-04-17,10.86,10.03,8.81,9.46,9.4,16.69,21.58,21.11,19.44,20.21,22.5,23.23,23.12,22.95,23.77,29.78,27.17,24.14,23.65,25.16,29.04,22.22,21.63,15.85
"1204","HB_HOUSTON",2019-04-18,17.62,15.85,11.28,9.5,10.26,16.5,21.39,19.92,18.89,20.38,22.27,21.32,20.64,23.75,21.97,20.96,22.73,20.6,21.25,25.06,36.21,25.89,22.44,20.08
"1205","HB_HOUSTON",2019-04-19,16.52,15.47,14.59,15.46,16.28,17.89,23.39,21.91,20.96,20.73,21.09,22,21.99,23.35,23.62,24.51,32.04,35.99,33.61,34.28,37.19,26.17,21.8,19.15
"1206","HB_HOUSTON",2019-04-20,20.35,17.34,16.57,13.27,12.14,13.5,17.84,16.93,18.96,19.78,21.06,20.02,20.38,17.99,18.83,21.67,24.68,21.69,19.36,19.37,18.2,15.61,11.26,9.16
"1207","HB_HOUSTON",2019-04-21,7.45,6.57,5.66,5.4,5.73,6.3,6.88,7.53,10.76,14.24,13.46,17.28,18.45,18.54,19.68,21.85,24.05,24,24.26,24.15,32.51,17.34,14.86,10.69
"1208","HB_HOUSTON",2019-04-22,12.52,9.62,8.97,10.23,11.34,17.31,17.27,19.78,20.41,21.46,22.54,24.83,25.78,30,32.83,40.75,52.25,42.83,29.95,28.55,32.25,26.23,23.25,19.97
"1209","HB_HOUSTON",2019-04-23,19.65,17.63,17.03,16.58,16.97,20.57,24.52,23.19,23.64,25.39,26.5,26.28,24.58,27.22,32.25,37.21,44.78,33.58,29.35,29.07,38.89,23.57,23.12,20.54
"1210","HB_HOUSTON",2019-04-24,19.43,18.37,17.76,17.71,18.33,19.76,26.21,24.63,24.82,25.84,24.21,26.88,27.37,30.39,33.72,35.62,40.05,34.04,31.92,34.71,54.05,30.93,30.69,24.28
"1211","HB_HOUSTON",2019-04-25,20.79,19.28,18.44,17.6,17.77,19.5,27.47,26.33,25.36,23.1,25.44,25.74,23.28,29.8,33.04,38,54.55,49.99,42.32,37.15,43.79,30.37,26.94,22.27
"1212","HB_HOUSTON",2019-04-26,15.25,14.91,14.23,13.76,14.21,17.83,23.28,22.12,22.36,22.14,23.16,24.13,23.88,29.81,34.1,45.04,47.54,38.27,27.22,24.14,23.85,21.94,18.19,13.96
"1213","HB_HOUSTON",2019-04-27,11.58,10.39,8.14,7.5,9.13,8.32,12.61,13.71,16.1,19.7,21.26,24.2,23.88,26.27,31.34,40.09,52.89,46.58,34.37,26.47,27.11,24.77,22.43,21.07
"1214","HB_HOUSTON",2019-04-28,16.13,14.6,13.13,11.88,12.71,14.02,16.86,19.05,20.45,21.96,24.02,26.49,24.09,28.87,27.23,27.86,28.03,24.61,22.32,23.21,23.34,21.13,16.43,12.54
"1215","HB_HOUSTON",2019-04-29,9.75,7.92,6.95,6.41,8.42,13,20.45,19.5,19.99,19.62,20.84,23.07,23,28.71,30.52,38.43,60.85,44.66,33.29,28.98,26.21,24.96,23.25,19.95
"1216","HB_HOUSTON",2019-04-30,20.58,17.86,16.41,14.74,13.93,17.83,23.23,23.36,19.31,19.78,22.1,23.36,29.57,26.41,35.42,44.03,53.61,34.1,28.63,23.57,25.51,21.25,20.27,17.93
"1217","HB_HOUSTON",2019-05-01,24.47,21.44,18.09,17.91,18.98,20.81,24.63,23.59,25.09,27.01,25.37,25.23,27.04,29.51,34.91,43.06,51.24,37.56,28.13,28.15,28.58,22.94,22.73,20.8
"1218","HB_HOUSTON",2019-05-02,20.38,18.27,16.62,16.14,16.8,20.78,26.67,22.68,23.75,23.88,25.74,28.81,31.73,38.66,52.7,59.59,62.8,48.19,33.4,31.72,34.79,28.71,30.64,25.21
"1219","HB_HOUSTON",2019-05-03,23.06,21.65,20.54,20.01,20.52,24.14,30.01,29.98,30.04,30.18,30.09,31.31,29.25,33.74,36.23,40.52,39.56,33.62,28.72,27.98,33.37,26.87,29.99,25.91
"1220","HB_HOUSTON",2019-05-04,22.41,20.11,19.88,19.15,21.15,21.48,22.47,23.4,24.4,26.29,28.63,29.48,31.01,33.51,38.03,54.56,62.63,53.12,39.81,34.06,34.11,27.72,24.86,21.15
"1221","HB_HOUSTON",2019-05-05,19.33,16.58,15.16,13.98,14.19,15.1,16.79,17.59,19.55,19.82,20.15,21.91,25.82,30.32,32.71,40.54,48.84,38.86,32.12,30.33,29.15,25.4,22.14,19.93
"1222","HB_HOUSTON",2019-05-06,16.21,13.26,12.29,12.55,14.45,18.14,22.6,20.92,21.95,19.96,21.7,23.24,30.11,31.97,36.11,46.01,45.08,37.56,25.6,27.03,25.93,22.59,21.15,18.78
"1223","HB_HOUSTON",2019-05-07,18.35,16.22,15.77,16.05,17.14,20.14,24.24,22.05,21.07,21.3,22.04,23,22.62,24.27,29.36,24.12,27.57,25.45,24.73,22.66,23.34,20.9,22.17,19.99
"1224","HB_HOUSTON",2019-05-08,17.69,16.48,15.07,14.98,16.06,19.65,26.51,23,23,23,21.29,24.22,28.8,32.44,33.49,37.3,42.33,38.18,26.4,32.41,34.92,26.6,25.02,20.79
"1225","HB_HOUSTON",2019-05-09,17.39,17.13,15.79,14.93,18.65,20.8,28.15,23.78,25.09,25.6,28.58,29.34,28.38,34.57,40.69,51.59,39.54,27.37,23.3,23.54,25.13,22.59,20.88,17.81
"1226","HB_HOUSTON",2019-05-10,17.26,13.46,11.96,12.7,18.07,20.39,21.58,19.37,19.86,19.75,19.91,20.26,20.87,22.06,25.24,23.31,22.96,23.29,22.58,23.25,25.05,24.12,23.35,21.04
"1227","HB_HOUSTON",2019-05-11,18.34,17.25,16.48,16.52,16.25,16.83,19.76,18.96,21.63,22.09,23.22,25.39,23.36,24.96,26.32,29.56,33.13,31.41,29.45,27.92,28.81,25.28,21.48,19.22
"1228","HB_HOUSTON",2019-05-12,18.09,17.28,16.32,15.61,15.79,16.57,17.7,18.1,20.68,21.27,24.82,24.11,23.75,27.38,29.6,36.87,46.65,37.85,31.74,31.06,31.23,25.88,21.62,19.3
"1229","HB_HOUSTON",2019-05-13,16.61,13.73,12.55,12.55,13.61,16.67,20,19.85,21.24,21.04,23.84,27.15,23.98,30.78,34.63,48.93,45.8,37.37,27.74,26.31,23.93,22.38,21.19,19
"1230","HB_HOUSTON",2019-05-14,16.97,15.4,14.25,14.07,14.57,16.61,21.94,21.98,24,23.78,25.93,28.09,30.7,41.05,47.41,67.67,60.61,47.74,33.44,32.2,29.7,23.49,21.84,19
"1231","HB_HOUSTON",2019-05-15,16.57,14.84,13.11,13,13.35,16.41,21.25,20.37,22.13,22.17,25.01,27.87,31.27,44.04,48.11,59.42,58.38,44.31,32.01,27.98,26.9,21.29,20.56,17.74
"1232","HB_HOUSTON",2019-05-16,16.4,13.61,12.12,11.18,12.33,16.27,18.58,19.38,19.5,20.43,20.27,21.84,24.64,25.82,36.13,37.49,38.48,33.42,24.23,22.06,21.94,22.21,19.25,17.59
"1233","HB_HOUSTON",2019-05-17,14.71,14.57,9.59,10.91,11.24,15.21,17.43,15.7,17.09,17.9,19.31,20.41,22.05,23.78,31.36,30.01,28.57,27.34,21.94,21.47,22.38,20.48,20.87,18.05
"1234","HB_HOUSTON",2019-05-18,17.3,16.41,14.45,13.45,14.12,13.92,18.22,18.05,18.82,20,20.44,21.5,21.76,24.23,27.3,27.36,27.48,26.29,21.67,21.84,30,23.5,21.03,19.72
"1235","HB_HOUSTON",2019-05-19,18.03,17.63,17.83,17.4,17.8,17.93,19.12,19.06,22.15,25.21,27.77,30.19,32.19,41.8,53.46,53.46,58.13,50.64,30.77,25.43,23.69,23.49,20.02,18.71
"1236","HB_HOUSTON",2019-05-20,18.19,16.42,14.03,13.42,14.16,15.41,20,20,21,21,21,24.87,25.74,32.36,27.45,30.55,29.6,33.3,25.32,21,26.65,22.91,18.64,18.29
"1237","HB_HOUSTON",2019-05-21,17.8,15.57,13.82,13.73,14.11,15.81,19.84,18.98,19.56,20.79,22.9,24.31,27.81,30.74,29.83,31.22,32.19,32.32,25.74,24.56,24.47,22.75,20.33,19.1
"1238","HB_HOUSTON",2019-05-22,17.22,16.13,16.56,12.56,13.97,15.84,19.68,20.36,20.96,22.51,24.13,25.05,25.97,33.4,37.29,41.41,40.69,42.76,27.74,24.55,24.75,23.17,21.71,20.31
"1239","HB_HOUSTON",2019-05-23,17.93,16.51,17.09,15.94,16.5,18.18,18.83,17.79,18.65,20.18,22.66,24.23,27.44,31.79,33.75,38.74,37.96,40.76,33.79,25.55,24.46,23.2,21.3,20.4
"1240","HB_HOUSTON",2019-05-24,18.22,17.61,18.41,18.24,18.2,21.75,22.36,21.23,21.49,22.75,23.6,26.01,26.33,36.26,31.81,38.6,40.93,31.44,30.01,30.52,27.25,26.17,23.05,20.64
"1241","HB_HOUSTON",2019-05-25,17.56,16.84,16.54,16.05,16.16,16.61,17.03,17.9,21.07,21.22,21,24,26.25,28.79,28.91,44.24,40.08,29.49,27.45,24.56,22.62,23.56,20.97,20.09
"1242","HB_HOUSTON",2019-05-26,17.09,16.13,16.99,16.46,15.95,16.39,16.92,17.05,18.87,18.68,18.57,19.99,21.27,24.89,23.02,27.19,29.57,26.91,24.91,23.04,20.9,19.93,18.52,18.16
"1243","HB_HOUSTON",2019-05-27,17.32,17.31,15.63,14.83,16.71,13.78,17.18,16.95,19.34,19.27,19.69,21.3,24.54,24.36,27.85,32.64,35.66,29.33,24.35,22.08,22.21,21.42,19.12,18.73
"1244","HB_HOUSTON",2019-05-28,16.85,15.83,15.4,15.2,15.1,17.41,18.44,19.09,19.77,20.54,21.03,23.49,29.69,33.33,36.23,44.04,55.78,37,29.02,27.5,27.55,24.73,22.17,20.46
"1245","HB_HOUSTON",2019-05-29,17.93,16.88,16.68,16.51,16.15,17.32,18.53,21.61,22.01,22.37,24.53,25.93,30.62,36.56,42.42,43.96,47.38,34.12,27.18,24.93,26.92,24.07,22.17,20.7
"1246","HB_HOUSTON",2019-05-30,19.4,18.61,17.88,17.57,17.87,19.18,23.65,23.65,23.75,25.44,28.18,30.46,32.46,35.96,42.05,49.55,45.04,32,27.94,24.98,26.49,23.2,22.7,20.81
"1247","HB_HOUSTON",2019-05-31,21.5,20.04,19.63,19.41,19.83,19.92,21.18,21.57,22.52,23.52,27.45,29.8,32.31,34,39.6,49.7,52.18,34.34,30.36,28.45,26.22,25.26,24.96,21.19
"1248","HB_HOUSTON",2019-06-01,21.38,19.82,18.79,18.26,18.13,18.25,18.12,19.2,21.49,25.73,29.01,32.9,38.65,42.35,52.35,66.95,62.74,48.92,36.97,30.92,30.61,28.33,27.41,22.8
"1249","HB_HOUSTON",2019-06-02,18.88,17.97,17.25,16.85,16.55,16.54,17.04,17.45,19.93,23.61,27.48,31.33,36.94,46.03,48.72,60.66,59.88,42.33,36.93,30.27,30,26.48,25.16,21.77
"1250","HB_HOUSTON",2019-06-03,18.14,16.77,16.01,15.81,16.15,17.01,20.78,20.77,21.37,23.77,25.61,30.55,37.82,45.71,56.73,63.1,59.32,43.74,35.96,31.15,28.28,23.27,21.59,19.54
"1251","HB_HOUSTON",2019-06-04,18.51,16.03,15.39,14.92,15.49,18.37,19.97,20.95,23.44,22.62,27.56,30.56,35.55,43.57,57.17,60.99,54.72,43.36,35.76,29.86,29.11,24.85,23.34,20.96
"1252","HB_HOUSTON",2019-06-05,20.47,19.35,18.52,18.09,18.93,20.3,24.14,22.8,25.48,25.89,32.36,34.96,31.64,33.49,39.1,40.66,35.46,29.27,26.22,26.73,23.24,20.99,21.14,19.97
"1253","HB_HOUSTON",2019-06-06,19.1,18.29,17.8,16.86,18.21,19.39,21.42,22.05,24.36,26.04,27.65,33.83,41.93,44.18,65.17,79.32,64.72,46.68,33.15,31.38,29.73,26.47,26.64,21.95
"1254","HB_HOUSTON",2019-06-07,16.72,15.59,15.31,14.95,15,15.5,16.68,17.5,20.05,21.17,28.25,31.75,38.82,49.57,77.08,104.17,98.76,57.57,38.57,31.4,28.83,22.77,20.8,19.25
"1255","HB_HOUSTON",2019-06-08,16.77,15.94,15.14,14.73,14.18,14.52,15.43,16.63,19.52,20.92,27.2,31.56,43.44,53.02,76.46,100.84,108.39,78.18,45,28.85,27.74,24.36,21,19.55
"1256","HB_HOUSTON",2019-06-09,15.82,15.82,14.28,13.39,12.92,13.18,13.87,15.68,15.78,18.61,20.87,25.93,37.8,56.15,91.79,104.98,111.16,79.65,45.5,36,27.68,23.38,20.4,18.79
"1257","HB_HOUSTON",2019-06-10,15.73,16.57,14.92,14.89,12.6,13.75,16.38,16.49,17.43,18.92,20.4,22.56,25.17,34.7,40.5,45.99,55.49,35.98,30.66,26.1,25.45,23.01,21.03,19.47
"1258","HB_HOUSTON",2019-06-11,18.04,16.49,15.86,15.24,15.58,16.14,18.23,17.86,18.59,20.23,20.67,22.59,24.09,29.56,33.08,43,43.66,33.26,29.1,23.72,20.85,20.29,19.59,17.25
"1259","HB_HOUSTON",2019-06-12,15.74,14.82,14.03,13.31,13.92,15.52,17.36,18.6,20.99,22.64,24.95,29.5,25.97,35.84,43.53,53.72,60.59,39.32,33.44,29.87,27.13,24.25,20.71,19.19
"1260","HB_HOUSTON",2019-06-13,16.15,14.97,13.92,13.42,13.57,14.27,15.5,15.82,17,17.84,20.44,21.24,24.48,31.11,35.63,41.29,43.08,34.95,26.25,25.02,22.22,21.19,18.64,17.96
"1261","HB_HOUSTON",2019-06-14,17.04,15.2,13.42,12.29,9.93,11.62,15.97,15.59,15.87,16.95,20.36,24.33,26.18,35.76,36.04,43.42,48.81,32.92,26.74,23.77,21.56,21.14,19.43,17.39
"1262","HB_HOUSTON",2019-06-15,16.45,15.93,14.69,13.19,12.51,12.89,11.6,12.95,16.21,19.03,22.48,25.44,31.77,37.01,41.5,51.48,60.66,44.09,32.21,24.64,23.38,23.28,24.16,22.73
"1263","HB_HOUSTON",2019-06-16,20.39,16.98,16.44,15.47,15.38,15.41,15.87,16.16,18.21,20.51,23.24,28.18,34.74,43.8,43.7,51.79,50.64,36.94,31.56,28.24,28.14,23.48,21.76,20.38
"1264","HB_HOUSTON",2019-06-17,19.86,17.88,16.93,17.04,17.56,18.83,18.98,19.84,20.84,21.98,26.67,31.85,36.27,41.51,45,55.07,52.75,36.35,33.48,29.98,29.71,23.98,22.32,20.28
"1265","HB_HOUSTON",2019-06-18,16.86,15.89,15.45,14.87,15.22,16.04,17.42,18.03,18.56,20.83,23.19,26.85,34.07,40.45,46.13,53.02,50.23,36.26,30.55,26.31,22.93,21.56,21,18.74
"1266","HB_HOUSTON",2019-06-19,16.63,15.16,15.18,14.4,14.42,13.99,16.07,16.67,18.71,20.21,23.94,30.53,40.44,65.93,66.5,94.22,96.19,69.07,46.94,36.91,32.19,27.09,25.1,21.67
"1267","HB_HOUSTON",2019-06-20,17.19,15.79,15.06,13.63,13.54,14.41,15.79,16.58,18.71,20.6,23.6,32.19,37.49,52.34,76.74,100.14,100,60.14,43.94,31.84,24.35,22.1,22.71,19.93
"1268","HB_HOUSTON",2019-06-21,17.59,17.29,16.51,16.01,15.62,14.66,16.99,17.51,18.24,20.98,24.82,26.49,30.25,38.41,43.98,48.38,44.95,36.76,31.58,28.92,23.01,21.31,21.62,20.05
"1269","HB_HOUSTON",2019-06-22,20,17.68,17.02,16.53,16.31,16.03,15.54,16.01,18.75,21.42,22.92,25.46,30.28,39.16,40.65,42.18,43.23,28.4,23.05,22.78,20.89,20.29,20.38,18.86
"1270","HB_HOUSTON",2019-06-23,15.84,14.79,14.47,14.18,14.16,14.01,14.37,13.87,17.77,18.33,17.87,18.65,19.58,26.1,30.3,34.67,38.1,35.27,25.6,26.41,27.02,22.63,20.47,18.17
"1271","HB_HOUSTON",2019-06-24,17.91,16.56,15.2,14.93,15.32,17.58,18.51,18.89,19.25,19.56,22.91,22.41,25.82,33.11,37.23,40.61,38.78,32.79,25.56,23.6,21.89,20.72,19.59,17.49
"1272","HB_HOUSTON",2019-06-25,16.57,15.3,14.23,13.88,13.98,15.48,16.7,17.51,18.43,18.45,19.84,21.48,24.17,35.03,39.92,39.28,39.37,28.86,24.05,21.73,21.46,19.44,19.22,18.22
"1273","HB_HOUSTON",2019-06-26,15.18,14.22,12.88,12.73,13.07,14.63,16.74,16.29,17.44,17.5,19.31,19.09,20.02,27.95,29.34,37.42,37.93,31.81,23.23,21.39,19.79,19.11,18.57,17.17
"1274","HB_HOUSTON",2019-06-27,15.01,13.15,12.66,11.83,12.13,12.79,15.65,16.64,17.15,18.61,19.26,21.26,26.36,34.94,38.97,41.23,39.45,32.31,24.79,21.16,20.19,19.41,18.59,16.71
"1275","HB_HOUSTON",2019-06-28,15.44,15,13.82,13.34,13.55,13.75,16.41,17.57,18.45,19.57,21.83,27.34,36.19,42.2,47.28,60.6,58.85,42.73,35.84,28.75,25.45,21.93,19.73,18.55
"1276","HB_HOUSTON",2019-06-29,15.96,15.06,13.35,12.75,12.68,12.81,15.2,15.71,16.79,18.54,19.35,22.43,29.44,35.65,40.88,41.17,46.5,43.04,30.79,26.99,23.81,20.74,18.8,17.86
"1277","HB_HOUSTON",2019-06-30,16.41,15.35,14.55,14.11,13.55,12.9,14.41,14.5,15.89,17.43,18.11,21.47,26.3,31.79,37.96,42.89,43.01,35.83,26.06,21.51,19.3,18.69,18.25,16.95
"1278","HB_HOUSTON",2019-07-01,14.06,12.74,12.19,12.58,12.86,13.96,16.69,16.53,17.54,18.3,19.41,21.03,25.2,31.84,39.37,41.31,41.42,28.87,21.46,19.97,18.94,18.38,17.16,15.31
"1279","HB_HOUSTON",2019-07-02,13.78,13.55,12.86,12.62,13.04,14.33,15.42,15.44,17.77,18.3,19.63,20.9,23.96,29.67,38.95,40.75,41.53,34.02,24.48,21.79,20.51,18.97,18.71,16.53
"1280","HB_HOUSTON",2019-07-03,14.79,14.42,13.39,13.18,13.13,14.02,15.7,16.43,18.23,17.77,19.1,21.87,24.46,33.28,37.34,44.04,41.27,28.63,25.14,21.61,19.76,18.57,17.97,16.6
"1281","HB_HOUSTON",2019-07-04,14.67,14.12,12.89,12.89,13.32,13.88,14.94,15.28,16.07,17,18.43,20.19,27.23,29.67,34.45,40.16,42.74,35.42,26.07,23.59,20.42,19.33,18.15,16.02
"1282","HB_HOUSTON",2019-07-05,14.29,13.68,12.4,12.14,12.35,13.28,14.94,15.81,17.58,17.75,18.83,23.26,28.08,32.88,41.18,56.31,55.88,38.52,27.58,24.56,23.77,21.77,18.93,18.25
"1283","HB_HOUSTON",2019-07-06,16.36,15.41,14.15,13.39,13,13.01,14.63,15.04,17.09,17.77,21.38,27.31,31.31,37.68,46.33,67.61,75.89,53.99,30.63,27.08,23.88,22.45,19.11,18.95
"1284","HB_HOUSTON",2019-07-07,17.93,15.95,14.99,14.53,14,13.67,14.79,15,17.25,19.07,22.64,27.13,35.12,44.13,57.07,63.23,68.4,48.05,40.03,29.57,25.95,24.93,19.77,18.49
"1285","HB_HOUSTON",2019-07-08,18.41,17.02,15.49,14.99,14.85,15.47,15.97,16.59,18.5,18.67,24.18,30.66,40.35,49.57,60.1,81.37,79.12,50.66,36.24,27.94,23.15,20.91,19.02,18.06
"1286","HB_HOUSTON",2019-07-09,16.33,15.42,14.43,13.9,13.9,14.6,16.61,17.79,18.82,19.36,24.57,31.16,45.87,74.47,149.72,216.17,274.33,149.54,64.51,41,30.84,25.01,20.36,18.9
"1287","HB_HOUSTON",2019-07-10,15.6,14.59,12.82,12.19,12.23,14.01,16.81,18,19.31,21.72,29.42,33.14,47.79,74,131.47,198.73,191.06,106.95,51.96,36.66,29.63,27.81,21.12,19.81
"1288","HB_HOUSTON",2019-07-11,19.17,18.05,17,16.54,16.45,16.84,19.48,19.76,20.6,23.38,28.86,34.64,42.71,64.85,79.8,99.63,112.62,64.84,42.2,33.35,30.04,29.67,23.67,20.87
"1289","HB_HOUSTON",2019-07-12,19.52,17.95,16.5,15.95,15.92,16.22,17.77,18.52,19.59,21.42,27.91,34.71,41.79,51.16,76.85,100.53,112.74,61.98,45.18,35.95,28.11,24.74,22.62,20.6
"1290","HB_HOUSTON",2019-07-13,19.14,17.76,17.14,16.3,16.33,16.53,18.87,19.64,20.49,22.2,29.92,33.6,41.71,57,84.85,118.14,171.76,77.96,43.94,35.06,29.91,27.76,22.44,20.62
"1291","HB_HOUSTON",2019-07-14,20.33,19.16,18.13,17.49,17.07,17.09,19.09,19.93,21.36,24.59,29.88,32.37,41.22,53.71,71.77,91.76,94.15,82.28,43.56,36.51,30.51,28.03,21.16,20.11
"1292","HB_HOUSTON",2019-07-15,18.89,17.43,16.35,16.05,16.02,16.9,18.81,20.03,20.38,22.18,27.72,32.16,41.2,68.23,107.87,133.22,141.17,76.31,46.48,35.04,29.11,25.25,20.07,20.02
"1293","HB_HOUSTON",2019-07-16,17.44,16.24,14.26,13.96,13.7,14.68,17.11,17.26,18.18,18.98,20.58,24.64,27.4,39.11,56.32,73.53,77.03,40.56,33.45,25.6,22.83,21.25,20.47,19.25
"1294","HB_HOUSTON",2019-07-17,17.24,15.74,13.72,13.79,13.65,14.17,16.83,17.19,18.39,19.7,20.54,23.42,26.58,35.12,47.36,56.68,62,40.09,28.64,24.91,22.49,20.76,19.75,18.6
"1295","HB_HOUSTON",2019-07-18,17.01,15.63,14.78,14.25,14.04,14.75,15.67,15.7,16.24,18.35,19.42,21.39,28.11,32.84,39.9,52.67,59.42,37.94,29.56,24.98,21.49,20.19,19.59,18.18
"1296","HB_HOUSTON",2019-07-19,16.84,14.68,16.11,15.07,15.27,16.49,17.08,15.99,17.53,19.24,19.97,21.82,27.65,33.63,39.37,45.32,46.52,33.35,26.52,25.17,22.19,20.76,19.1,18.15
"1297","HB_HOUSTON",2019-07-20,16.88,15.34,15.95,14.79,14.42,14.71,16,16.45,17.2,18.17,19.83,21.29,25.56,29.38,34.26,42.17,44.55,31.61,26.2,23.61,21.34,21.63,19,17.85
"1298","HB_HOUSTON",2019-07-21,15.89,14.48,14.82,14.05,13.91,13.86,14.63,15.4,16.21,17.95,19.87,20.93,24.95,33.12,47.74,61.35,61.86,55.62,34.65,28,26.64,24.04,20.66,19.38
"1299","HB_HOUSTON",2019-07-22,17.19,15.94,15.57,14.56,14.97,15.8,16.61,17.53,18.47,20.53,24.45,30.13,38.56,45.76,72.4,93.78,95.21,59.33,40.07,34.13,26.73,23.66,22.03,19.77
"1300","HB_HOUSTON",2019-07-23,17.98,16.9,15.99,15.66,15.74,16.71,18.01,18.14,19.07,18.66,20.4,23.39,25.24,29.15,36.45,42.17,49.12,33.24,27.78,24.62,24.34,21.79,19.89,18.86
"1301","HB_HOUSTON",2019-07-24,17.97,16.3,15.64,15.01,15.14,15.81,17.98,18.3,19.1,19.26,21.63,24.04,25.49,29.42,32.82,49.18,57.49,45.79,31.61,27.02,22.7,20.77,18.66,17.66
"1302","HB_HOUSTON",2019-07-25,15.13,13.98,13.08,12.55,12.32,13.08,15.02,15.62,16.78,17.99,19.17,21.13,24.6,28.52,36.51,42.27,47.14,39.8,27.89,23.71,22.52,20.07,18.3,16.73
"1303","HB_HOUSTON",2019-07-26,14.35,12.06,12.36,11.96,11.34,13.68,15.02,15.72,17.05,17.86,19.59,23.18,28.56,34.18,41.71,48.65,53.01,40.24,26.53,23.83,22.6,19.75,18.39,17.59
"1304","HB_HOUSTON",2019-07-27,15.21,12.73,13.66,12.9,11.74,12.97,14.3,16.03,18.23,18.51,19.57,23.34,28.96,33.98,39.59,47.61,50.48,32.96,31.36,24.55,22.13,19.95,17.62,16.68
"1305","HB_HOUSTON",2019-07-28,16.17,13.32,13.93,12.85,12.6,12.69,14.37,15.12,16.67,17.15,19.42,20.17,26,27.01,30.68,43.69,43.47,35.33,31.17,29.15,25.8,23.55,20.81,18.1
"1306","HB_HOUSTON",2019-07-29,15.95,14.58,14.89,14.39,14.24,15.21,16.98,17.76,19.25,20.51,23.93,29.26,36.06,47.83,60.37,75.16,88.84,51.32,37.97,30.45,28.03,25.29,21.53,19.48
"1307","HB_HOUSTON",2019-07-30,17.52,16.48,15.88,15.43,15.81,16.26,17.99,18.51,19.19,21.33,25.76,30.35,43.77,74.83,84.69,87.25,96.69,68.98,38.99,28.17,25.19,21.65,19.43,17.86
"1308","HB_HOUSTON",2019-07-31,17.1,16.15,15.2,14.72,15.08,15.69,17.8,18.41,19.38,21.02,25.53,34.87,51.54,105.29,144.5,185.28,191.75,101.98,43.08,30.1,25.4,21.54,18.57,16.92
"1309","HB_HOUSTON",2019-08-01,15.44,14.66,14.32,13.92,13.79,14.79,16.61,16.93,17.96,19.13,24.85,28.88,47.57,116.47,141.97,173.92,164.49,76.64,38.27,26.99,24.35,19.69,17.6,16.33
"1310","HB_HOUSTON",2019-08-02,14.87,14.07,13.45,13.62,13.56,13.63,15.49,16.21,17.24,18.88,22.54,28.29,42.63,133.63,206.09,291.95,298.72,130.93,47.81,37.63,28.51,22.98,18.63,17.67
"1311","HB_HOUSTON",2019-08-03,16.23,13.69,13.83,13.4,13.1,13.62,14.93,16.2,18.12,19.6,22.76,26.77,37.21,47.96,56.8,75.28,70.4,49.06,32.84,26.82,24.37,21.44,19.14,17.57
"1312","HB_HOUSTON",2019-08-04,15.84,14.61,13.85,13.6,13.97,14.23,16.61,16.39,17.15,18.25,21.61,24.41,33.05,35.85,40.26,49.98,58,46.12,35.38,31.15,27.14,24.75,17.71,17
"1313","HB_HOUSTON",2019-08-05,17.02,15.78,15.06,14.92,15.91,16.68,17.87,17.99,18.67,21.36,27.26,33.91,44.28,97.21,126.32,156.24,168.11,74.9,48.09,35.53,29.19,24.55,19.51,17.45
"1314","HB_HOUSTON",2019-08-06,16.37,15.06,13.7,14.03,14.46,15.98,17.4,18.48,19.52,20.48,26.33,34.6,53.76,211.25,294.83,404.73,382.69,219.66,53.28,35.88,27.65,22.19,19.91,18.03
"1315","HB_HOUSTON",2019-08-07,15.44,14.06,12.85,12.72,12.73,13.27,14.55,15.52,15.96,18.07,22.41,31.61,54.14,299.54,516.13,1008.6,799.4,415.37,51,33.31,25.39,19.8,18.57,16.62
"1316","HB_HOUSTON",2019-08-08,14.4,13.05,11.88,12.38,12.25,13.35,14.42,14.63,15.68,17.15,20.25,23.61,33.07,67.38,120.25,195.21,185.72,85.71,35.38,29,25.25,20.12,18.68,17.08
"1317","HB_HOUSTON",2019-08-09,15.13,13.55,12.83,12.24,12.1,12.78,14.93,15.28,17.26,17.62,21.98,26.53,34.7,84.89,178.65,296.64,300.26,176.4,45.97,32.26,28.61,23.07,19.86,17.84
"1318","HB_HOUSTON",2019-08-10,15.47,13.67,12.86,12.09,12.5,12.95,12.99,13.67,15.9,17.58,20.82,30.14,41.43,123.18,153.99,291.24,317.21,143.59,41.31,30.15,24.98,20.03,18.55,17.01
"1319","HB_HOUSTON",2019-08-11,14.36,13.49,12.08,12.73,12.73,12.61,11.44,12.76,14.09,16.18,18.62,25.59,38.47,146.77,262.37,408.78,423.87,187.65,53.57,35.48,29.38,20.04,17.46,16.41
"1320","HB_HOUSTON",2019-08-12,14.16,13.17,11.71,10.32,12.97,11.89,13.57,14.24,15.87,17.51,19.44,27.21,45.16,262.05,492.15,954.73,954.08,438.04,56.53,36.56,29.56,20.1,18.84,16.99
"1321","HB_HOUSTON",2019-08-13,14.77,13.66,12.42,12.16,12.83,13.98,15.89,16.67,18.68,19.23,24.8,38.16,131.94,862.07,1516.26,2616.52,2721.11,1341.49,191.05,46.4,31.38,25.65,21.07,18.2
"1322","HB_HOUSTON",2019-08-14,17.43,16.51,15.49,15.03,15.5,16.51,18.52,19.13,20.66,21.54,27.85,37.83,139.43,301.79,933.26,1388.9,1340.51,655.77,97.64,43.22,35.96,26.64,21.06,17.87
"1323","HB_HOUSTON",2019-08-15,17.8,16.82,16.07,16.27,16.16,16.64,17.69,18.04,19.38,20.79,26.97,41.18,74.78,267.71,801.76,1756.98,1756.91,430.72,65.25,36.04,27.71,22.7,19.3,17.54
"1324","HB_HOUSTON",2019-08-16,15.1,13.39,11.77,13.08,13.05,12.58,14.2,16.43,18.75,19.32,24.05,28.57,74.17,781.03,2500.68,3350.75,3493.88,1570.01,133.4,30.97,27.11,23.17,19.46,17.3
"1325","HB_HOUSTON",2019-08-17,14.78,13.31,11.34,12.86,11.89,12.06,10.49,11.93,14.6,16.25,19.05,22.86,31,48.81,143.85,401.57,699.16,183.31,42.28,29.21,25.89,19.25,17.6,16.19
"1326","HB_HOUSTON",2019-08-18,14.37,12.69,11.08,12.25,10.85,10.78,12.29,10.32,13.6,14.75,18.08,21.45,29.13,37.43,74.01,211.71,553.38,153,43.68,31.27,28.07,21.82,17.97,16.07
"1327","HB_HOUSTON",2019-08-19,13.67,12.38,10.55,12.38,12.32,12.28,13.74,14.19,16.44,18.15,21.16,25.61,35.39,114.67,734.07,1348.87,1494.93,397.92,38.39,28.36,25.82,19.44,17.78,15.64
"1328","HB_HOUSTON",2019-08-20,13.47,12.72,11.92,12.68,12.08,12.97,14.7,15.92,17.92,19.3,24.86,29.28,47.95,275.34,1267.54,2135.02,1859.91,539.42,51.43,37.82,28.37,25.29,19.68,17.25
"1329","HB_HOUSTON",2019-08-21,14.47,13.59,12.78,12.3,12.38,13.2,15.84,17.21,19.14,20.08,26.32,35.05,50.48,420.1,1998.69,3200.2,2507.05,693.86,74.37,43.46,30,26.2,20.11,18
"1330","HB_HOUSTON",2019-08-22,14.62,13.72,14.33,13.52,12.77,13.74,15.71,16.38,18.52,19.09,23.7,27.62,36.09,71.29,174.98,432.58,466.06,125.04,39.77,31.85,28.16,24.65,20,17.81
"1331","HB_HOUSTON",2019-08-23,14.59,13.34,13.97,13.5,13.13,14.43,17.19,18.92,19.46,19.73,24.22,28.34,35.95,54.91,85.87,193.27,166.27,52.33,31.35,28.52,25.88,22.76,19.24,17.53
"1332","HB_HOUSTON",2019-08-24,16.99,15.49,14.75,14.97,14.65,14.92,16.49,16.73,18.6,20,22.59,25.54,31.54,39.97,49.9,121.22,130.99,53.98,33.12,27.52,25.16,21.35,18.82,17.68
"1333","HB_HOUSTON",2019-08-25,15.27,14,12.89,12.02,12.71,11.44,12.43,12.99,15.5,16.83,20.44,24.67,33.24,44.97,53.81,169.5,178.42,119.06,49.48,36.44,26.61,20.02,17.51,16.19
"1334","HB_HOUSTON",2019-08-26,14.04,11.8,11.03,12.5,12.64,12.56,13.81,15.04,16.7,18.42,22.45,27.35,38.59,201.71,1292.38,3499.86,2580.4,1410.16,146.37,36.98,29.55,24.38,21.99,19.19
"1335","HB_HOUSTON",2019-08-27,14.24,13.54,12.91,12.13,12.32,13.9,15.63,16.66,18.68,20.13,22.04,27.96,33.61,52.35,102.07,212.46,238.25,86.95,36.61,29.91,25.43,23.76,19.07,17.78
"1336","HB_HOUSTON",2019-08-28,16.76,15.27,14.78,14.32,14.29,15.5,17.41,17.66,18.51,20.03,21.52,26.96,32.22,40.04,63.02,114.97,123.36,47.55,33.02,29.72,27.31,22.29,19.62,17.78
"1337","HB_HOUSTON",2019-08-29,16.4,14.85,14.91,14.41,14.47,14.61,16.16,16.95,17.55,19.39,20.95,25.78,36.07,50.53,101.16,191.04,213.17,70,35.49,28.07,23.84,18.9,17.6,16.16
"1338","HB_HOUSTON",2019-08-30,14.55,13.31,14.17,13.5,13.64,12.73,14.49,15.23,16.84,19.3,21.51,27.66,35.57,60.26,92.3,173.1,143.87,49.44,30.25,27.53,23.53,20.29,18.35,17.34
"1339","HB_HOUSTON",2019-08-31,15.13,14.14,13.9,13.6,13.71,14.46,15.04,15.65,18.14,19.49,22.31,29.47,46.98,73.31,93.12,125.64,120.87,65.85,40.08,34.48,26.04,21.95,19.05,17.82
"1340","HB_HOUSTON",2019-09-01,14.86,14.11,13.41,13.71,13.56,13.45,14.79,15.88,17.53,19,21.44,27,36.76,40.74,61.23,106.39,121.78,69.19,40,32.17,27.98,22.24,19.01,17.74
"1341","HB_HOUSTON",2019-09-02,17.48,16.42,15.55,15.07,15.01,14.93,15.39,15.64,18.16,20.77,26.59,30.78,40.59,50.54,96.69,157.84,182.25,90.44,44.88,38.25,29.4,23.1,19.82,18.53
"1342","HB_HOUSTON",2019-09-03,15.7,14.45,13.99,13.45,13.53,14.12,17.95,19.11,21.28,23,28.42,35.4,49.85,105.36,251.48,395.2,525.09,219.38,50.07,42.07,37.08,27.62,21.03,19.04
"1343","HB_HOUSTON",2019-09-04,16.33,15.3,14.64,14.23,14.38,15,17.94,18.1,19.87,22.03,28.24,35.19,47.99,82.38,237.26,563.38,666.26,199.5,56.24,44.93,34,25.24,20.01,18.46
"1344","HB_HOUSTON",2019-09-05,15.76,14.45,13.58,13.26,13.44,14.27,16.48,17.24,18.83,21.57,26.76,31.53,63.19,503.4,2579,4267.47,5011.16,2490.56,423.22,55.3,40.69,26.77,20.71,18.01
"1345","HB_HOUSTON",2019-09-06,14.63,12.91,9.85,7.97,9.24,12.05,15.23,16.25,18.11,19.7,25.57,30.9,50.36,443.59,2023.62,4011.09,4496.74,2014.34,314.31,46.6,35.41,26.2,20.41,18.95
"1346","HB_HOUSTON",2019-09-07,17.77,16.16,14.82,13.57,13.53,13.1,13.96,15.23,18.35,20.84,24.48,28.85,35.81,39.62,63.66,107.31,99.59,48.89,32.14,31,26.23,22.15,19.65,17.54
"1347","HB_HOUSTON",2019-09-08,16.36,15.08,15.01,13.69,13.19,13.13,15.34,14.63,16.02,18.16,19.31,19.72,27.01,31.54,36.68,47.81,50.97,41.2,29.88,26.4,24.34,20.77,19.56,16.81
"1348","HB_HOUSTON",2019-09-09,15.64,16.37,15.01,14.4,12.69,14.75,16.78,16.85,18.26,20.27,22.82,22.32,28.09,35.43,43.66,52.51,53.76,38.35,31.84,28.06,25.48,21.28,20.24,17.07
"1349","HB_HOUSTON",2019-09-10,15.55,15.8,14.99,14.46,14.51,14.47,16.91,17.06,16.97,17.8,19.45,20.99,25.43,31.46,42.9,45.3,43.05,38.96,29.21,25.83,23.45,20.7,20.56,17.95
"1350","HB_HOUSTON",2019-09-11,16.2,15.24,15.83,15.53,15.73,15.7,17.93,17.33,17.51,18.52,20.26,22.4,26.74,32.68,38.77,47.3,46.18,39.69,31.74,29.77,27.84,23,20.91,18.51
"1351","HB_HOUSTON",2019-09-12,17.11,16.12,16.04,14.82,15.62,15.78,16.99,17.33,18.2,21.56,22.67,26.87,33.19,44.16,50.24,76.06,89.86,54.38,42.2,37.33,32.75,26.06,22.28,21.1
"1352","HB_HOUSTON",2019-09-13,17.23,16.42,15.95,15.99,15.79,16.79,20.07,20.22,22.69,22.77,27.79,33.64,38.18,53.13,76.96,125.97,127.26,48.53,38.21,34.76,31.46,26.24,21.58,20.07
"1353","HB_HOUSTON",2019-09-14,19.09,17.35,16.81,16.21,15.58,15.97,17.35,17.95,19.59,22.94,25.11,33.82,41.75,51.24,57.7,85.28,95.52,60.81,43.07,35.08,31.59,26.81,21.31,20.28
"1354","HB_HOUSTON",2019-09-15,17.75,16.4,15.51,15.3,14.91,15.23,16.15,16.96,18.61,21.25,24.98,32.56,40.18,45.71,64.53,86.45,107.67,58.96,43.1,33.71,31.45,27.18,21.71,19.67
"1355","HB_HOUSTON",2019-09-16,17.11,15.82,16.33,15.84,15.92,17.04,19.42,19.89,21.22,23.07,27.22,32.04,37.86,46.14,63.62,97.29,107.29,51.04,36.56,35.21,28.79,23.91,19.79,18.34
"1356","HB_HOUSTON",2019-09-17,17.56,16.76,15.82,15.59,16.06,17.12,19.95,19.69,20.92,24.41,27.77,31.24,38.82,42.87,44.09,59.87,61.39,35.67,31.2,30.9,25.88,23.45,20.96,18.32
"1357","HB_HOUSTON",2019-09-18,15.98,15.68,15.12,13.82,14.54,16.67,18.07,18.69,20.43,21.94,25.6,30.04,34.27,40.22,47.84,57.3,60.94,43.81,35.58,30.54,25.52,21.76,19.89,17.59
"1358","HB_HOUSTON",2019-09-19,18.07,16.61,17,16.06,17.13,17.86,19.79,21,20.87,21.85,25.46,29.97,33.83,50.48,47.02,46.67,45.54,36.43,28.14,26.95,26.25,20.7,20,17.97
"1359","HB_HOUSTON",2019-09-20,16.2,15.86,15.79,15.85,16.32,17.35,20.69,21.04,20.81,21.19,23.62,26.74,30.04,43.19,38.89,41.83,43.89,32.36,25.45,24.19,21.19,20.7,19.82,16.62
"1360","HB_HOUSTON",2019-09-21,15.59,15.43,13.6,13.59,13.64,11.83,15.09,13.57,15.3,16.13,18.81,21.18,22.31,27.03,33.04,40.44,44.44,44.23,27.22,26.47,22.69,20.95,19.31,15.93
"1361","HB_HOUSTON",2019-09-22,15.95,15.74,15.57,14.77,14.56,13.78,14.78,14.49,14.69,16.31,18.83,22.23,26.87,36.26,47.62,72.26,79.65,57.36,43.36,37.63,32.25,29.32,24.89,20.54
"1362","HB_HOUSTON",2019-09-23,17.67,16.54,15.5,15.23,16.02,16.98,21.54,22.31,22.77,24.74,29.8,36.75,56.3,150.39,149.16,163.83,123.03,72.47,43.66,42.49,32.92,24.58,21.8,18.72
"1363","HB_HOUSTON",2019-09-24,19.92,18.79,17.79,17.09,16.79,17.99,21.67,21,22.19,25.15,27.68,33.37,44.77,170.8,211.4,344.93,350,143.74,43.67,36.46,32.5,24.02,20.48,19
"1364","HB_HOUSTON",2019-09-25,15.38,14.91,14.5,14.2,14.36,14.36,17.68,18.38,19.77,21,23.45,27.95,37.08,131.11,247.98,504.37,961.18,165.56,43.91,40.08,30.89,22.62,19.48,17.15
"1365","HB_HOUSTON",2019-09-26,16.42,14.93,15.05,13.82,14.51,14.9,19.23,19.58,21.74,23.16,27.88,36.55,55.22,242.61,510.33,1194.63,1326.55,141.36,47.08,34.74,29.71,24.02,19.51,17.3
"1366","HB_HOUSTON",2019-09-27,16.87,15.17,14.04,14.79,13.49,15.16,16.62,15.47,17.09,20.02,22.65,24.67,30.09,43.45,80.71,97.38,99.85,45.03,35.33,26.51,22.39,21.21,18.74,17.18
"1367","HB_HOUSTON",2019-09-28,16.56,15.55,14.63,14.29,14.22,13.41,15.81,15.44,17.96,20.35,22.36,22.81,25.71,32.98,40.47,47.53,47.35,40.25,35.2,26.78,24.93,20.75,17.53,17.27
"1368","HB_HOUSTON",2019-09-29,14.13,13.7,14.23,14.24,13.67,14.22,15.15,14.94,13.98,15.04,16.5,19.74,24.25,31.12,37.84,44.42,47.3,42.28,32.83,28.15,23.71,20.95,18.56,17.89
"1369","HB_HOUSTON",2019-09-30,16.48,15.61,14.43,14.17,14.22,15.1,18.63,19.03,18.71,18.69,22.8,23.49,27.03,38.12,45.91,58.4,57.89,42.98,31.91,27.31,27.76,21.9,20.47,17.12
"1370","HB_HOUSTON",2019-10-01,17.7,15.44,14.69,14.42,14.05,15.82,17.35,15.88,18.12,20.68,27.05,26.4,29.62,41.08,51.47,71.25,68.69,56.94,41.96,37.06,27.92,22.38,21.1,19.73
"1371","HB_HOUSTON",2019-10-02,18.04,17.41,15.62,15.29,15.22,15.5,19.07,19.57,20.52,19.99,27,30.34,46.68,119.95,221.73,584.25,870.3,368.9,78.59,51.68,41.8,31.13,24.78,20.62
"1372","HB_HOUSTON",2019-10-03,16.39,15.43,14.67,13.98,14.52,15.62,17.67,18.43,20.47,22.4,31.82,45.46,61.04,120.12,220.48,449.67,575.82,203.6,46.06,45.61,32.44,24.53,22.02,18.92
"1373","HB_HOUSTON",2019-10-04,17.92,16.57,15.45,14.84,15.41,17.12,20.84,20.47,21.13,23.06,27.51,30.99,41.14,52.29,67.78,138.34,122.03,50.51,33.6,30.47,25.45,22.5,21.27,19.22
"1374","HB_HOUSTON",2019-10-05,18.4,16.75,15.23,13.04,13.3,13.68,14.6,15.39,17.5,21.07,24.29,33.14,36.02,52.5,100,316,397.94,245.74,47.71,49.21,35.74,25.87,22.23,19.25
"1375","HB_HOUSTON",2019-10-06,19.16,18.27,16.96,15.93,16.33,16.87,17.03,17.35,19.52,22.37,26.22,33.29,40.13,51.35,99.9,117.72,98.17,44.29,31.19,28.78,21.88,19.5,18.34,16.24
"1376","HB_HOUSTON",2019-10-07,17.83,16.07,15.73,15.8,15.95,16.73,19.24,18.73,18.61,20.49,22.32,22.08,23.8,26.49,32.88,37.22,38.77,38.26,29.96,28.44,22.72,19.99,18.68,16.8
"1377","HB_HOUSTON",2019-10-08,15.62,13.79,12.82,12.14,12.18,13.71,17.34,16.96,17.47,18.1,19.14,20.06,21.91,26,29.12,38.64,42.03,37.36,26.05,24.2,21.16,19.42,16.73,16
"1378","HB_HOUSTON",2019-10-09,15.5,14.1,11.85,12.58,12.51,14.89,18.18,17.81,18.19,20,18.94,20.29,22.63,29.7,39.88,50.17,63.62,44.8,35.05,30.1,23.75,21.6,19.62,18.26
"1379","HB_HOUSTON",2019-10-10,17.15,16.14,15.04,15,14.99,15.5,16.89,18.5,20.28,19.48,20.3,26.04,34.54,51.27,89.84,237.75,235.94,107.19,47.66,39.56,26.43,22.03,20.87,17.74
"1380","HB_HOUSTON",2019-10-11,18.23,15.31,14.28,13.46,14.23,14.32,19.16,20.33,19.55,21.58,22.91,21.54,20.35,20.55,20.54,21.39,19.68,19.03,20.39,21.29,19.38,19.34,18.63,17.57
"1381","HB_HOUSTON",2019-10-12,17.38,15.68,15,14.61,14.72,14.85,15.07,18.19,18.09,18.59,19.24,19.19,18.44,18.14,18.27,21.73,20.93,19.82,19.44,18.89,18.82,17.79,14.2,13.78
"1382","HB_HOUSTON",2019-10-13,14.09,12.05,11.01,10.57,11.37,12.28,15.04,16.45,17.2,18.23,19.01,20.7,21.55,24.1,27.28,32.27,33.03,28.99,24.52,25.23,20.83,19.36,15.87,13.81
"1383","HB_HOUSTON",2019-10-14,13.55,13,12.09,12.45,13.12,14.44,16.28,17.25,18.36,18.91,20.7,21.47,24.82,26.86,33.18,45.77,50.02,37.39,29.1,25.1,24.52,20.38,18.73,17.19
"1384","HB_HOUSTON",2019-10-15,14.86,14.22,12.44,12.86,13.2,15.83,19.11,20.51,21.92,22.07,23.44,23.32,27.37,36.42,49.52,78.05,80.85,42.91,30.24,27.7,24.91,23.68,22.67,17.62
"1385","HB_HOUSTON",2019-10-16,16.17,15.72,15.34,15.33,15.86,18.51,21.75,20.4,19.84,20.44,19.32,21.61,24.18,21.5,22.25,23.25,23.12,21.58,21.44,20.94,18.76,18.14,17.44,16.06
"1386","HB_HOUSTON",2019-10-17,14.66,13.04,12.26,12.08,13.49,15.9,19,19.16,18.08,19.74,19.1,19.34,19.4,19.54,20.47,20.57,21.82,21.19,19.55,21.17,21.29,22.58,19.71,15.87
"1387","HB_HOUSTON",2019-10-18,13.85,11.99,11.34,11.48,11.54,12.67,15.66,16.06,15.98,18.13,18.15,18.91,18.38,20.44,22.29,24.13,26.04,23.59,19.77,18.81,18.52,17.65,16,16.18
"1388","HB_HOUSTON",2019-10-19,13.15,11.05,10.67,10,10.11,11.2,13.15,15.02,16.22,17.03,19.82,21.87,29.29,34.29,53.99,104.78,123.64,70.68,56.51,34.34,26.53,24.05,19.87,18.3
"1389","HB_HOUSTON",2019-10-20,17.36,17.28,16.94,14.14,13.13,14.1,14.43,15.13,18.56,17.83,16.6,19.35,19.81,24.01,26.75,35.09,43.95,38.21,34.69,31.8,23.32,19.46,18.53,15.88
"1390","HB_HOUSTON",2019-10-21,18.25,16.63,15.3,15.2,17.14,17.82,26.6,27.92,22.9,23.81,27.3,26.68,27.6,36.57,34.48,36.08,38.79,29.51,27.68,27.46,24.21,20.67,17.52,16.35
"1391","HB_HOUSTON",2019-10-22,18.47,15.73,15.27,14.47,15.03,18.05,20.15,20.62,19.34,19.21,19.97,20.42,21.59,21.98,27.95,31.06,31.81,26.25,22.26,21.49,19.32,17.71,15.94,15.11
"1392","HB_HOUSTON",2019-10-23,12.96,10.35,9.73,10.41,9.65,14.81,18.96,18.67,17.6,16.87,17.72,19.18,18.05,19.53,21.06,29.29,25.96,23.81,22,21.15,19.59,17.9,16.29,15.91
"1393","HB_HOUSTON",2019-10-24,18.34,16.92,16.49,16.2,15.64,17.99,22.02,18.02,18.23,18.77,19.59,19.76,20.93,25.09,27.19,30.63,29.2,27.14,22.85,22.69,22.85,20.15,19.35,15.97
"1394","HB_HOUSTON",2019-10-25,16.05,15.03,14.45,12.61,14.1,16.76,21.67,20.9,19.32,21.65,20.79,20.85,20.11,22.73,21.67,20.69,20.93,22.78,28.41,32.51,27.41,24.61,22.53,20.2
"1395","HB_HOUSTON",2019-10-26,19.29,17.33,16.61,15.88,15.7,16.99,19.46,20.94,25.95,27.41,28.86,27.43,24.18,22.39,23.28,22.11,22.31,22.55,22.63,20.31,19.06,17.8,14.69,11.57
"1396","HB_HOUSTON",2019-10-27,12.27,10.82,10.31,9.73,10.14,9.96,11.87,13.37,16.57,18.2,17.79,19.56,19.81,21.66,22.58,26.2,26.66,25.52,22.71,20.68,19.82,17.82,15.63,12.46
"1397","HB_HOUSTON",2019-10-28,13.95,13.25,13.43,13.65,14.37,15.02,19.1,19.21,19.08,19.08,20.65,20.09,21.92,26.75,37.63,50.9,49.1,27.76,23.56,21.37,20.47,19.63,16.72,16.4
"1398","HB_HOUSTON",2019-10-29,20.83,20.86,20.94,17.77,18.28,21.47,25.96,24.54,23.61,22.04,25.55,26.03,28.71,33.45,33.16,34.73,34.25,26.14,28.51,30.5,25.34,22.26,23.75,20.05
"1399","HB_HOUSTON",2019-10-30,20.32,16.94,15.9,15.61,15.78,17.37,23.9,23.51,20.52,22.57,19.66,19.21,19.39,20.04,20.87,23.11,23.98,21.86,23.96,25.78,21.39,20.82,17.44,17.41
"1400","HB_HOUSTON",2019-10-31,26.02,27,25.24,19.02,22.52,30.81,84.2,78.62,40.7,41.47,42.68,26.88,28.22,28.79,26.23,27.46,28.94,32.89,51.41,60.99,37.54,31.91,22.91,20.96
"1401","HB_HOUSTON",2019-11-01,16.81,15.42,15.45,15.45,17.77,21.81,47.31,46.19,26.96,25.41,21.47,20.02,20,19.82,19.79,19.74,20.75,22.39,23.95,27.04,20.72,19.96,16.84,15.72
"1402","HB_HOUSTON",2019-11-02,15.78,15.52,15.13,15.45,16.46,19,23.99,27.87,32.25,49.27,37.19,29.81,27.62,25.03,24.53,23.67,24.88,25.03,32.6,35.11,25.22,21.74,18.99,17.67
"1403","HB_HOUSTON",2019-11-03,16.61,15.96,13.74,13.55,14.35,15.91,19.57,24.2,23.68,20.34,19.1,17.51,17.96,17.97,18.06,19.41,19.71,25.2,25.28,20.19,17.86,17.54,16.03,16.54
"1404","HB_HOUSTON",2019-11-04,10.37,10.28,11.55,12.31,16.17,17.6,23.44,25.05,26.03,25.52,27.36,25.88,26.9,30.88,33.94,30.5,33.21,31.39,31,24.17,21.93,21.29,19.88,18.79
"1405","HB_HOUSTON",2019-11-05,13.24,12.55,15.22,16.25,17.49,19.87,28.63,30.7,29.35,30.58,34.87,35.09,41.55,44.22,38.46,35.02,37.7,41.43,36.99,27.79,25.83,24.31,21.08,20.04
"1406","HB_HOUSTON",2019-11-06,18,16.4,16.02,16.12,17,20.39,30.53,25.43,25.5,24.42,23.15,20.26,21.58,26.16,26.16,26.28,29.5,42.15,32.96,23.2,21.11,20.81,18.09,17.75
"1407","HB_HOUSTON",2019-11-07,18.73,14.62,13,11.99,13.04,14.92,21.17,19.31,17.82,19.74,20.05,21.39,23.36,23.65,24.02,23.45,23.02,48.5,33.08,27.99,26.54,27.18,21.16,20.3
"1408","HB_HOUSTON",2019-11-08,18.48,18.85,18.39,18.74,21.87,29.16,47.18,50.02,43.02,47.13,35.59,32.48,29.09,26.96,24.23,25.62,32.45,56.71,59.71,42.43,30.74,31.48,23.65,24.1
"1409","HB_HOUSTON",2019-11-09,23.11,20.22,19.73,20.2,20.08,23.03,28.46,37.27,54.41,62.6,38.23,33.19,27.85,27.35,22.96,24.13,23.91,31.35,22.99,20.95,20.62,19.57,17.38,16.19
"1410","HB_HOUSTON",2019-11-10,14.34,12.79,12.25,12.27,12.7,14.23,18.6,19.17,20.77,24.57,23.79,21.59,21.48,19.98,19.03,19.05,21.42,29.04,21.73,19.64,19.04,18.73,13.62,12.26
"1411","HB_HOUSTON",2019-11-11,6.9,6.69,6.75,9.89,11.52,13.72,19.14,18.6,18.53,19.15,19.22,19.29,20.25,20.35,22.12,21.96,21.79,27.63,27.13,24.8,24.38,22.34,17.99,16.95
"1412","HB_HOUSTON",2019-11-12,16.56,16.41,17.26,17.76,19.26,36.29,198.8,178.4,94.16,61.22,48.66,40.09,30.81,25.91,23.71,22.84,31.04,86.58,110,78.85,46.25,32.96,26.31,20.98
"1413","HB_HOUSTON",2019-11-13,18.59,18.57,19.18,19.21,20.19,28.11,123.68,78.95,42.1,27.88,26.17,21.33,20.58,19.34,20.25,20.51,21.14,33.41,43.59,34.86,32.49,29.78,24.92,24.65
"1414","HB_HOUSTON",2019-11-14,23.48,23.01,21.92,21.96,21.07,24.27,45.52,38.69,27.02,25.93,23.86,21.64,20.19,20.05,19.57,21.15,22.15,51,46.85,40.6,32.27,28.91,28.55,24.79
"1415","HB_HOUSTON",2019-11-15,23.07,22.47,19.92,19.84,23.13,28.99,104.41,74.99,36.33,27.03,24.75,24.15,24.16,20.24,19.22,19.12,20.59,28.15,25.41,22.24,20.13,19.24,18.57,17.5
"1416","HB_HOUSTON",2019-11-16,17.01,15.91,16.06,15.82,17.73,17.81,34.55,38.35,39.63,33.85,29.28,26.57,21.88,20.18,18.26,17.04,17.64,21.44,19.2,19.57,18.19,18.23,15.85,14.66
"1417","HB_HOUSTON",2019-11-17,16.58,15.99,15.71,16.39,17.1,19.15,22.6,22.42,23.32,21.62,19.65,20.67,19.95,20.04,19.96,21.94,25.01,58.54,41.03,37.96,34.02,29.89,24.32,21.17
"1418","HB_HOUSTON",2019-11-18,22.58,18.8,17.92,17.23,17.97,23.17,28.04,30.46,27.69,26.15,28,24.58,24.33,25.42,25.41,27.15,31.43,48.82,45.71,33.68,30.99,28.37,24.03,22.01
"1419","HB_HOUSTON",2019-11-19,20.33,18.82,19.19,18.99,19.3,21.96,49.92,34.18,25.65,23.65,20.71,19.5,19.31,20.32,20.78,20.26,21.03,23.93,20.2,20.03,17.92,17.08,14.24,10.35
"1420","HB_HOUSTON",2019-11-20,9.93,7.23,6.04,6.42,7.6,12.15,19.63,18.82,18.27,19.17,19.68,20.07,22.62,24.37,24.82,24,26.92,40.48,27.67,25.55,21.94,20.28,18.46,15.96
"1421","HB_HOUSTON",2019-11-21,15.05,13.95,15.22,16.5,16.35,18.12,24.9,22.18,20.98,20.85,23.66,23.79,23.92,22.43,22.58,22.6,24.82,36.43,31.25,23.08,20.57,20.79,19.76,16.62
"1422","HB_HOUSTON",2019-11-22,14.08,11.7,12.56,14.9,15.38,20.26,25.53,23.56,22.24,22.51,24.65,24,24.66,24.9,24.55,24.32,27.9,48.87,44.6,28.8,28.69,24.8,21.02,20.45
"1423","HB_HOUSTON",2019-11-23,21.1,20.22,18.35,18.51,19,19.28,22.04,26.16,32.43,28.18,23.38,21.59,18.63,17.33,17.68,18.89,23.11,40.92,39.09,30.7,25.8,22.95,21.44,20.08
"1424","HB_HOUSTON",2019-11-24,21.61,20.59,19.73,19.44,19.75,19.18,22.4,23.24,25.34,26.99,21.55,19.08,18.03,16.54,18.59,16.21,18.67,27.95,20.28,18.6,17.95,16.69,14.87,11.08
"1425","HB_HOUSTON",2019-11-25,5.29,5.18,5.74,5.99,8.34,17.08,19.07,18.89,18.23,19.38,18.46,20.35,20.98,21.2,23.72,23.81,29.19,47.32,20.09,19.67,19.21,18.34,16.19,9.37
"1426","HB_HOUSTON",2019-11-26,5.62,4.04,3.97,3.79,5.07,8.96,18.52,17.75,19.54,17.67,18.57,20.2,19.92,21.4,20.18,20.18,21.61,41.06,25.1,22.88,21.07,19.28,18.22,17.3
"1427","HB_HOUSTON",2019-11-27,17.92,14.67,14.52,15.19,17.06,19.22,21.46,21.8,21.56,21.25,21.04,21.12,21.43,19.67,19.84,19.65,19.6,40.57,36.7,25.39,25.34,24.54,22.27,22.03
"1428","HB_HOUSTON",2019-11-28,20.63,20.47,17.23,17.33,18.05,17.55,18.52,19.65,23.73,35.77,28.48,27.89,21.83,20.07,20.55,20.57,20.63,31.32,30.13,21.93,20.04,22.31,18.77,18.21
"1429","HB_HOUSTON",2019-11-29,20.59,19.68,18.88,18.08,18.92,18.41,22.19,19.41,23.27,20.08,19.15,17.76,17.19,15.75,15.74,15.7,16.49,25.18,18.87,17.25,17.5,16.83,18.57,15.01
"1430","HB_HOUSTON",2019-11-30,14.66,12.37,12.75,13.07,13.71,12.55,16.71,17.95,18.35,18.08,18.61,19.8,17.19,17.33,17.14,20.73,22.59,41.23,26.02,23.15,20.38,18.56,17.89,16.41
"1431","HB_HOUSTON",2019-12-01,17.47,16.49,16.8,16.04,17.19,17.06,18.09,20.65,24.05,20.56,20.61,19.91,18.51,17.61,17.65,17.4,22.24,44.35,34.58,31.25,30.52,28.47,23.2,22.74
"1432","HB_HOUSTON",2019-12-02,18.87,16.96,16.24,18.09,19.54,27.88,59.43,50.1,30.76,27.99,23.34,20.62,20.03,18.39,17.21,18.06,18.97,28.36,21.45,19.38,18.96,18.26,15.92,14.26
"1433","HB_HOUSTON",2019-12-03,14.45,13.51,13.29,13.87,14.41,17.9,27.35,24.26,19.63,19.75,19.61,18.73,18.2,18.19,18.11,18.26,19.68,40.22,30.59,26.04,21.17,19.24,18.25,17.55
"1434","HB_HOUSTON",2019-12-04,17,16.4,16.4,17.01,18.17,19.74,48.29,38.05,24.48,22.27,21.63,18.55,19.89,19.26,18.99,19.16,20.29,24.26,18.91,18.27,18.24,17.37,15.04,14.07
"1435","HB_HOUSTON",2019-12-05,10.61,10.02,10.66,12.71,14.68,15.72,23.17,22.07,21.06,19.47,21.42,19.84,20.62,19.5,18.5,19.34,20.82,27.68,23.42,21.48,20.74,18.63,17.09,14.68
"1436","HB_HOUSTON",2019-12-06,11.13,9.75,9.24,12.35,14.58,17.02,18.63,18.77,18.68,19,19.21,20.99,22.58,23.54,23.33,22.84,29.71,46.88,40.4,28.15,22.68,23.27,22.05,19.53
"1437","HB_HOUSTON",2019-12-07,18.46,17.09,17.35,17.2,17.66,18.5,24.59,27.51,35.34,34.88,27.62,24.13,20.64,19.15,19.36,18.39,18.56,23.86,19.7,18.72,18.36,16.42,14.24,15.24
"1438","HB_HOUSTON",2019-12-08,10.55,8.91,9.28,10.62,12,13.31,15.5,15.07,18.06,17.82,18.14,17.64,16.92,15.33,15.62,15.5,17.04,25.32,20.55,18.83,18.16,16.66,14.11,13.58
"1439","HB_HOUSTON",2019-12-09,8.34,8.75,9.05,10.84,12.74,14.37,17.43,18.23,18.41,19.94,21.34,18.89,21.25,21.93,20.75,19.98,20.61,29.05,21.16,19.89,18,18.98,17.44,16.41
"1440","HB_HOUSTON",2019-12-10,14.95,13.77,15.69,16.37,17.19,19.25,27.44,23.92,23.48,25.49,26.43,24.8,23.58,21.75,20.83,22.41,23.44,43.43,41.33,35.42,27.85,23.47,20.46,18.5
"1441","HB_HOUSTON",2019-12-11,16.73,15.57,15.18,15.17,16.49,21.77,51.24,44.28,28.74,21.38,20.78,18.98,17.12,16.53,16.19,15.88,16.61,21.76,23.88,21.52,19.82,17.82,15.67,15.33
"1442","HB_HOUSTON",2019-12-12,14.01,13.51,14.4,14.71,15.59,16.47,31.95,23.67,21.11,22.56,20,19.04,18.16,19.02,18.88,17.98,21.79,34.73,30.23,22.77,20.41,17.83,17.73,16.25
"1443","HB_HOUSTON",2019-12-13,16.03,14.1,14.57,14.24,14.04,17.89,27.59,22.84,18.37,18.42,17.29,16.21,15.97,15.74,15.65,16.6,17.33,30.72,31.87,26.28,18.72,18.32,18.77,18
"1444","HB_HOUSTON",2019-12-14,15.8,14.47,15.15,14.79,15.72,17.09,19.29,23.98,27.59,23.69,20.68,19.44,16.95,16.56,16.34,15.29,15.96,20.31,19.47,16.93,16.32,15.54,15.19,13.3
"1445","HB_HOUSTON",2019-12-15,13.53,10.82,9.83,9.64,10.85,13.07,15.64,17.11,15.99,17.49,17.04,18.69,17.5,17.8,17.45,18.57,17.95,20.27,17.75,16.11,15.19,17.74,15.29,14.94
"1446","HB_HOUSTON",2019-12-16,14.41,14,14.6,15.15,15.66,17.49,26.34,21.01,19.64,19.8,18.01,16.02,15.57,14.6,13.97,14.58,15.63,20.35,19.81,19.01,18.36,17.27,16.25,14.05
"1447","HB_HOUSTON",2019-12-17,17.2,16.01,15.66,16.27,16.99,21.28,55.17,33.26,25,22.53,19.89,18.4,16.92,15.75,15.6,15.15,16.35,26.9,37.45,33.03,32.99,26.64,19.13,19.26
"1448","HB_HOUSTON",2019-12-18,17.34,15.69,15.54,15.97,17.79,20,58.76,50.15,26.21,22.22,20.77,18.85,17.1,17.05,16.01,15.95,17.91,25.08,34.25,24.75,19.12,17.35,16.83,16
"1449","HB_HOUSTON",2019-12-19,13.07,12.84,13.28,13.68,14.17,20.15,51.7,27.68,20.09,19.59,17.42,16.46,15.86,15.39,14.51,14.47,14.85,18.64,18.67,17.48,17.83,16.97,15.43,13.94
"1450","HB_HOUSTON",2019-12-20,14.26,14.46,14.72,16,16.96,16.62,20.96,19.66,18.89,18.57,17.92,17.95,16.7,17.33,15.97,16.71,19.55,30.84,26.21,22.31,21.43,20.01,18.84,18.09
"1451","HB_HOUSTON",2019-12-21,16.7,14.9,14.42,15,14.32,15.65,17.02,18.62,19.51,23.27,19.64,19.91,18.36,16.25,15.54,15.37,18.24,33.49,30,27.24,24.78,20.42,17.74,16.55
"1452","HB_HOUSTON",2019-12-22,17.24,15.13,15.34,16.22,16.81,18.94,25.15,22.64,25.87,25.87,19.65,17.89,16.65,15.77,15.06,15.22,16.17,23.57,18.7,17.58,17.17,16.39,15.43,14.1
"1453","HB_HOUSTON",2019-12-23,13.86,13.75,13.71,14.61,16.44,18.31,32.44,30.99,21.3,21.27,17.94,17.79,16.99,16.01,15.75,15.49,15.5,19.37,16.83,15.22,14.71,14.1,13.35,12.66
"1454","HB_HOUSTON",2019-12-24,11.97,10.41,11.19,12.55,13.14,13.03,17.28,16.75,16.55,17.29,19.23,17.22,16.02,16.56,15.05,15.03,15.13,17.07,15.17,12.85,12.46,12.01,12.23,11.43
"1455","HB_HOUSTON",2019-12-25,8.22,7.13,8.34,9.21,10.94,12.93,15.26,16.57,17.55,17.09,17.97,15.88,15.83,14.71,14.72,14.52,15.03,19.87,20.1,19.05,19.37,17.31,15.17,14.42
"1456","HB_HOUSTON",2019-12-26,14,13.44,14.06,14.34,15.32,15.7,18.29,18.42,18.48,23.45,23.14,21.81,20.03,17.9,18,16.65,16.16,21.59,19.63,17.94,17.47,16.71,15.97,14.7
"1457","HB_HOUSTON",2019-12-27,13.8,12.78,12.91,12.52,12.81,13.44,15.36,15.26,15.26,15.61,15.41,14.17,12.87,12.88,12.79,12.78,14.16,17.82,16.02,15.11,14,15.17,9.86,8.73
"1458","HB_HOUSTON",2019-12-28,4.65,3.92,3.8,5.57,9.95,12.76,13.64,14.55,15.44,15.49,17.79,15.52,15.02,14.96,13.61,13.68,14.95,19.28,14.76,13.03,12.12,12.59,11.36,9.06
"1459","HB_HOUSTON",2019-12-29,6,5.08,4.92,5.95,9.14,11.57,12.96,15.17,17.58,19.62,17.17,15.13,13.44,14.24,15.14,13.09,14.69,19.94,22.42,22.03,23.53,19.51,15.96,15.33
"1460","HB_HOUSTON",2019-12-30,13.17,12.74,13.9,14.11,14.61,16.51,34.65,29.15,25.93,23.9,19.54,18.12,16.5,15.5,14.53,14.81,16.38,28.22,30.66,24.61,22.04,19.59,16.46,15.92
"1461","HB_HOUSTON",2019-12-31,15.5,15.72,15.89,16.3,16.25,18.88,40.24,32.76,25.39,20.04,17.89,16.69,16.27,15.82,14.55,14.94,16.75,22.83,21.2,18.88,17.56,15.81,15.24,14.45
